foot_point:  0.161379 -0.167944  0.164135 -0.159376
-0.214326 -0.188921  0.265609  0.260543
-0.278633 -0.273022 -0.267276 -0.283156
foot_vel:  -0.0163912  -0.0189593  -0.0166975 -0.00527615
  0.0198628   0.0260711  -0.0287404  0.00176412
 -0.0239357  0.00716429  -0.0175656   0.0121906
rpy:   0.0236443
 -0.0232754
-0.00153791
xyz: -9.4419e-05
8.82497e-05
   0.274655
omega:  0.00142042
-0.00970233
  -0.006178
vel: -0.000400026
-5.98183e-05
-3.75703e-06
schedualgroundLeg: 
1 1 1 1 
phase: 
1 1 1 1 
target_state:           0 -9.4419e-05           0           0
          0 8.82497e-05           0           0
-0.00153791        0.32           0           0
gait_time: 0.00131823
loop_time: 0.00131823
target_force/Torque: 3.88404
3.92723
    200
-2.37864
 2.42456
 0.06178
force_list: 0.996062  1.09128  1.02234  0.77436
0.981254 0.990597  1.34487 0.610519
 56.0925    64.74  33.8333  45.3344
swing_pos: 0 0 0 0
0 0 0 0
0 0 0 0
swing_vel: 0 0 0 0
0 0 0 0
0 0 0 0
foot_point:  0.161379 -0.167944  0.164147 -0.159376
-0.214326 -0.188921   0.26562  0.260548
-0.278633 -0.273022 -0.267271 -0.283161
foot_vel:  -0.00149019   -0.0364403    0.0104148 -0.000536531
   0.0233164   0.00429381     0.030542    0.0204078
  -0.0150472    0.0212668   0.00529005    -0.014205
rpy:   0.0236437
 -0.0232449
-0.00151105
xyz: -8.49381e-05
  8.2643e-05
    0.274654
omega:  0.00355095
-0.00224548
 0.00340938
vel:   1.6754e-05
-0.000118611
 3.59397e-05
schedualgroundLeg: 
1 1 1 1 
phase: 
1 1 1 1 
target_state:           0 -9.4419e-05           0           0
          0 8.82497e-05           0           0
-0.00153791        0.32           0           0
gait_time: 0.00701418
loop_time: 0.00569595
target_force/Torque:  3.8562
3.93113
    200
  -2.39988
   2.34694
-0.0367797
force_list: 0.933053  1.04119  1.06083 0.821129
0.894026  1.05078  1.27048 0.715846
 56.1156  64.7715  34.0737  45.0394
swing_pos: 0 0 0 0
0 0 0 0
0 0 0 0
swing_vel: 0 0 0 0
0 0 0 0
0 0 0 0
foot_point:  0.161379 -0.167944  0.164147 -0.159376
-0.214326 -0.188921   0.26562  0.260543
-0.278633 -0.273022 -0.267271 -0.283156
foot_vel: -0.00155006  -0.0264888   0.0225238 -0.00293103
  0.0283733   0.0014576  0.00152816  -0.0116618
 -0.0209908   0.0172225  0.00803379   0.0148478
rpy:   0.0236493
 -0.0232501
-0.00150881
xyz: -8.91188e-05
 8.11222e-05
    0.274653
omega:  -0.00284063
  0.00201558
-0.000851679
vel: -1.02545e-05
 -0.00023293
 3.87012e-05
schedualgroundLeg: 
1 1 1 1 
phase: 
1 1 1 1 
target_state:           0 -9.4419e-05           0           0
          0 8.82497e-05           0           0
-0.00153791        0.32           0           0
gait_time: 0.0106778
loop_time: 0.00366364
target_force/Torque: 3.85925
3.93808
    200
  -2.33653
   2.30486
0.00560734
force_list: 0.959359  1.06193  1.02269 0.815272
0.936169  1.01945  1.29673 0.685735
 55.7162  65.0616  34.6038  44.6184
swing_pos: 0 0 0 0
0 0 0 0
0 0 0 0
swing_vel: 0 0 0 0
0 0 0 0
0 0 0 0
foot_point:  0.161367 -0.167944  0.164135 -0.159376
-0.214326 -0.188932   0.26562  0.260548
-0.278637 -0.273024 -0.267275 -0.283161
foot_vel:   -0.0593271   -0.0203436   -0.0243364 -0.000373309
   0.0196967   -0.0179229   0.00673876      0.02986
  -0.0444586    0.0127078   -0.0107615  -0.00988358
rpy:   0.0236524
 -0.0232594
-0.00151311
xyz: -8.60539e-05
 8.15968e-05
    0.274654
omega:  0.00781201
 -0.0075718
0.000213585
vel:  0.000102684
-0.000248831
 1.78651e-05
schedualgroundLeg: 
1 1 1 1 
phase: 
1 1 1 1 
target_state:           0 -9.4419e-05           0           0
          0 8.82497e-05           0           0
-0.00153791        0.32           0           0
gait_time: 0.0147088
loop_time: 0.00403098
target_force/Torque: 3.85455
 3.9393
    200
  -2.44336
   2.40166
-0.0046154
force_list: 0.963049  1.04248  1.05177  0.79725
0.908216  1.02528  1.31193 0.693884
 56.0755  64.9117  33.9527  45.0602
swing_pos: 0 0 0 0
0 0 0 0
0 0 0 0
swing_vel: 0 0 0 0
0 0 0 0
0 0 0 0
foot_point:  0.159364 -0.167955  0.162927 -0.159367
-0.213686 -0.189176  0.265496  0.260608
-0.280041 -0.273047 -0.267718 -0.283393
foot_vel:   -0.682643  -0.0579334   -0.330956 -0.00673291
   0.288405   -0.118424  -0.0830286   0.0838114
  -0.616614  0.00820752    -0.14897   -0.178258
rpy:    0.023647
 -0.0232356
-0.00152204
xyz:  0.000444711
-5.15566e-05
    0.275058
omega: -0.0102975
0.00414611
0.00127885
vel:   0.0133058
-0.00375902
  0.0101574
schedualgroundLeg: 
1 1 1 1 
phase: 
1 1 1 1 
target_state:           0 -9.4419e-05           0           0
          0 8.82497e-05           0           0
-0.00153791        0.32           0           0
gait_time: 0.019454
loop_time: 0.00474518
target_force/Torque: 3.07053
4.12585
    200
  -2.26172
    2.2821
-0.0143751
force_list: 0.718876 0.819053 0.853801 0.678808
0.967685  1.07456  1.36202 0.721584
 56.6088   64.116  34.9156  44.3597
swing_pos: 0 0 0 0
0 0 0 0
0 0 0 0
swing_vel: 0 0 0 0
0 0 0 0
0 0 0 0
foot_point:  0.157521 -0.166072  0.162192 -0.159449
-0.211735 -0.189495  0.266412   0.25977
-0.283356 -0.274246 -0.269681  -0.28409
foot_vel:  -0.720034   0.527378  -0.354635 -0.0471168
  0.542918   0.208611   0.143757   0.012529
 -0.999551  -0.494728  -0.427186  -0.310004
rpy:   0.0234898
 -0.0234636
-0.00155547
xyz:  0.000800946
-0.000422241
    0.276552
omega: -0.111498
-0.278149
0.0257799
vel:   0.022397
-0.0127631
 0.0476303
schedualgroundLeg: 
1 1 1 1 
phase: 
1 1 1 1 
target_state:           0 -9.4419e-05           0           0
          0 8.82497e-05           0           0
-0.00153791        0.32           0           0
gait_time: 0.0230239
loop_time: 0.00356987
target_force/Torque:  2.5308
4.57248
    200
 -1.23401
  5.12785
-0.256043
force_list: 0.330897 0.679586 0.936419   0.5839
0.832392  1.37603  1.30773  1.05633
 52.1821  66.8998  30.9858  49.9324
swing_pos: 0 0 0 0
0 0 0 0
0 0 0 0
swing_vel: 0 0 0 0
0 0 0 0
0 0 0 0
foot_point:  0.154146 -0.163439  0.159216 -0.158592
-0.212175 -0.188876  0.267337  0.261807
-0.284389 -0.276097 -0.271949 -0.286075
foot_vel: -0.932783  0.563782  -0.58674  0.341747
 0.493094  0.139583  0.227625  0.107975
 -1.09874  -0.59905 -0.554079  -0.53992
rpy:   0.0230452
 -0.0257274
-0.00136695
xyz:  0.000814005
-0.000438674
    0.278029
omega:  0.0493573
 -0.197189
-0.0296138
vel:  0.0228389
-0.0132438
 0.0848821
schedualgroundLeg: 
1 1 1 1 
phase: 
1 1 1 1 
target_state:           0 -9.4419e-05           0           0
          0 8.82497e-05           0           0
-0.00153791        0.32           0           0
gait_time: 0.0271719
loop_time: 0.00414801
target_force/Torque: 2.82024
 4.4776
    200
-2.79809
 4.54463
0.279042
force_list: 0.795719  1.02319 0.682996 0.318342
  1.1677   1.0047  1.67613 0.629086
 55.0891  67.5833  29.8524  47.4754
swing_pos: 0 0 0 0
0 0 0 0
0 0 0 0
swing_vel: 0 0 0 0
0 0 0 0
0 0 0 0
foot_point:  0.153685 -0.158299  0.156138 -0.156491
-0.203974 -0.185124  0.267166  0.264821
-0.292569  -0.28242 -0.272969 -0.291394
foot_vel: -0.975598  0.425705 -0.405773   0.31651
 0.597452  0.621189  0.375031  0.587208
-0.836614 -0.625051 -0.459357 -0.700052
rpy:   0.0238739
 -0.0259772
-0.00173797
xyz: -4.60358e-06
 -0.00373853
    0.282454
omega:   0.162275
 -0.608381
-0.0306791
vel: 0.00195241
-0.0895234
  0.182471
schedualgroundLeg: 
1 1 1 1 
phase: 
1 1 1 1 
target_state:           0 -9.4419e-05           0           0
          0 8.82497e-05           0           0
-0.00153791        0.32           0           0
gait_time: 0.0344211
loop_time: 0.00724925
target_force/Torque: 3.91034
  8.947
    200
-4.01014
 8.68153
0.326797
force_list:   0.808022    1.65751    1.53073 -0.0859066
   2.41292    2.23751     2.8695    1.42708
   61.6294    68.0946     8.0814    62.1947
swing_pos: 0 0 0 0
0 0 0 0
0 0 0 0
swing_vel: 0 0 0 0
0 0 0 0
0 0 0 0
foot_point:  0.147887  -0.15669  0.154417 -0.154405
-0.203335 -0.183972  0.273395  0.265841
-0.294785 -0.283558 -0.278545 -0.292884
foot_vel: 0.0859084  0.236976 -0.139812  0.250929
 0.544689  0.776382  0.611476  0.894548
-0.359523 -0.699832 -0.525303 -0.731741
rpy:   0.0246696
 -0.0268672
-0.00183524
xyz: 0.000496485
-0.00729858
   0.285839
omega:  -0.0550386
  -0.559379
-0.00830853
vel: 0.0141839
 -0.17837
 0.270096
schedualgroundLeg: 
1 1 1 1 
phase: 
1 1 1 1 
target_state:           0 -9.4419e-05           0           0
          0 8.82497e-05           0           0
-0.00153791        0.32           0           0
gait_time: 0.038476
loop_time: 0.00405484
target_force/Torque: 3.19117
14.0975
199.656
-1.91657
  8.2805
0.112818
force_list: 0.439598   1.3734  1.25124 0.126936
 3.27347  3.65651    4.346  2.82157
 60.0247   68.827   11.835   58.969
swing_pos: 0 0 0 0
0 0 0 0
0 0 0 0
swing_vel: 0 0 0 0
0 0 0 0
0 0 0 0
foot_point:  0.148501 -0.156185  0.154275 -0.153892
-0.202271 -0.180511  0.274976  0.269431
-0.295643 -0.286362 -0.279595 -0.295502
foot_vel:  0.272954 0.0113495 0.0245097  0.285495
 0.209702  0.460746  0.515064  0.728937
0.0592842 -0.318729 -0.365794 -0.540575
rpy:   0.0244783
 -0.0278215
-0.00189849
xyz: -9.05625e-05
 -0.00774242
    0.286405
omega:  -0.107237
 -0.349522
-0.0296138
vel: 2.17263e-05
   -0.19697
   0.295653
schedualgroundLeg: 
1 1 1 1 
phase: 
1 1 1 1 
target_state:           0 -9.4419e-05           0           0
          0 8.82497e-05           0           0
-0.00153791        0.32           0           0
gait_time: 0.0416147
loop_time: 0.00313872
target_force/Torque: 4.11847
15.0542
197.969
-1.37546
 6.27737
0.332196
force_list:   1.0413   1.5469   1.2312 0.299076
 3.63938  3.58806   4.8217  3.00502
 59.4476  69.1332   16.832  52.5565
swing_pos: 0 0 0 0
0 0 0 0
0 0 0 0
swing_vel: 0 0 0 0
0 0 0 0
0 0 0 0
foot_point:  0.149295 -0.156165  0.154566 -0.152932
-0.202281 -0.179436  0.276534   0.27081
-0.295421 -0.287026 -0.280679 -0.296667
foot_vel:  0.365644 -0.030099  0.192757  0.140334
 0.115841  0.379665  0.357882  0.513293
 0.190306 -0.206466 -0.226673 -0.368336
rpy:   0.0249132
 -0.0265216
-0.00216074
xyz: -0.000447918
  -0.0107409
    0.288382
omega: 0.0738584
 0.370597
-0.058376
vel: -0.00911366
    -0.2719
   0.344617
schedualgroundLeg: 
1 1 1 1 
phase: 
1 1 1 1 
target_state:           0 -9.4419e-05           0           0
          0 8.82497e-05           0           0
-0.00153791        0.32           0           0
gait_time: 0.0471141
loop_time: 0.00549942
target_force/Torque: 4.36525
19.3937
195.281
 -3.2299
-1.05381
0.646043
force_list:  1.60517  1.54447 0.581859 0.633753
 5.02695  4.60955  5.97822  3.77902
 67.5386  66.5089   30.741   30.493
swing_pos: 0 0 0 0
0 0 0 0
0 0 0 0
swing_vel: 0 0 0 0
0 0 0 0
0 0 0 0
foot_point:   0.15199  -0.15668  0.155743 -0.152092
 -0.20215 -0.178607  0.277244  0.273402
-0.294021  -0.28735 -0.280916 -0.298224
foot_vel:   0.429565 -0.0593946   0.415631  0.0815875
 -0.321401  0.0157358  0.0195682   0.237481
  0.315187   0.039054  0.0838618  -0.280496
rpy:   0.0247656
 -0.0258157
-0.00245428
xyz: -0.0014165
-0.0123182
  0.288897
omega: -0.238264
 0.365271
-0.118031
vel: -0.0326351
 -0.304851
  0.350218
schedualgroundLeg: 
1 1 1 1 
phase: 
1 1 1 1 
target_state:           0 -9.4419e-05           0           0
          0 8.82497e-05           0           0
-0.00153791        0.32           0           0
gait_time: 0.0507557
loop_time: 0.0036416
target_force/Torque:  5.6122
21.3279
  194.9
-0.0939193
  -1.07113
   1.27195
force_list:  2.34219  2.28482 0.530741 0.454455
 6.02945  4.55269  6.79918  3.94654
 64.1539   64.518  32.0694   34.159
swing_pos: 0 0 0 0
0 0 0 0
0 0 0 0
swing_vel: 0 0 0 0
0 0 0 0
0 0 0 0
foot_point:  0.154267 -0.156892  0.155741 -0.151892
-0.203585 -0.178715  0.277091  0.274195
 -0.29292 -0.287196 -0.280948  -0.29884
foot_vel:   0.340059  0.0158464   0.416436  0.0529015
 -0.494643 -0.0210413 -0.0521637  0.0201671
  0.180065  0.0410103  0.0690548  -0.107932
rpy:  0.0243093
-0.0228496
-0.0030272
xyz: -0.000569618
   -0.011965
    0.288961
omega:  -0.275548
   0.76581
-0.0615718
vel: -0.0121658
 -0.303074
  0.359951
schedualgroundLeg: 
1 1 1 1 
phase: 
1 1 1 1 
target_state:           0 -9.4419e-05           0           0
          0 8.82497e-05           0           0
-0.00153791        0.32           0           0
gait_time: 0.0540514
loop_time: 0.00329572
target_force/Torque: 3.96678
21.0886
194.494
0.324551
-5.37314
0.764647
force_list:  1.55947    1.443  0.19255 0.771766
 5.65802  4.89097  6.33754  4.20206
   68.32  58.6977  42.7001  24.7761
swing_pos: 0 0 0 0
0 0 0 0
0 0 0 0
swing_vel: 0 0 0 0
0 0 0 0
0 0 0 0
foot_point:  0.154861 -0.156876  0.161661 -0.151813
 -0.20556   -0.1814  0.275462  0.274241
-0.292853 -0.287543 -0.278621 -0.298894
foot_vel:   0.298944  0.0101594   0.955236   0.064628
 -0.485321  -0.451476  -0.514861 -0.0343014
  0.167186 -0.0829593   0.415328 -0.0726316
rpy:   0.0238382
 -0.0209029
-0.00313545
xyz: -0.000617586
  -0.0112251
    0.288861
omega:  -0.303245
     1.128
-0.0871381
vel: -0.0141518
 -0.281002
  0.352927
schedualgroundLeg: 
1 1 1 1 
phase: 
1 1 1 1 
target_state:           0 -9.4419e-05           0           0
          0 8.82497e-05           0           0
-0.00153791        0.32           0           0
gait_time: 0.0575502
loop_time: 0.00349875
target_force/Torque: 3.80292
19.7786
194.985
0.648631
-9.18971
 1.03113
force_list:   1.77169   1.34848 -0.281079  0.963827
  5.32973   4.42533   6.37946   3.64408
  68.1622    56.813   54.4184   15.5915
swing_pos: 0 0 0 0
0 0 0 0
0 0 0 0
swing_vel: 0 0 0 0
0 0 0 0
0 0 0 0
foot_point:  0.155971  -0.15674  0.163119  -0.15214
-0.206915 -0.181368  0.274654  0.273755
-0.292768 -0.287611 -0.278162 -0.298461
foot_vel:   0.125637  0.0714585   0.688957  -0.198052
 -0.306409  -0.449455  -0.369944  -0.238524
-0.0549404  -0.108926   0.300936   0.181348
rpy:   0.0234263
 -0.0162107
-0.00363392
xyz: -0.00125709
-0.00969934
    0.28822
omega: -0.204176
  1.23346
-0.185142
vel: -0.0577401
 -0.240109
  0.320597
schedualgroundLeg: 
1 1 1 1 
phase: 
1 1 1 1 
target_state:           0 -9.4419e-05           0           0
          0 8.82497e-05           0           0
-0.00153791        0.32           0           0
gait_time: 0.0610249
loop_time: 0.00347476
target_force/Torque: 5.45588
17.4188
196.681
-0.300878
 -10.7135
  2.06103
force_list:   2.90074   2.44257 -0.656973  0.769535
  5.32429   3.18554   6.57339   2.33561
  68.1357    58.106   58.0852   12.3545
swing_pos: 0 0 0 0
0 0 0 0
0 0 0 0
swing_vel: 0 0 0 0
0 0 0 0
0 0 0 0
foot_point:  0.156031 -0.156105  0.164637 -0.152342
-0.207954 -0.183857  0.273519  0.270031
-0.293057 -0.288256  -0.27753 -0.299053
foot_vel: -0.0242784  0.0993263   0.421909  -0.156579
 -0.182522  -0.440917  -0.302933  -0.545878
 -0.136471  -0.149574   0.156346    0.11412
rpy:   0.0226069
 -0.0122083
-0.00408011
xyz: -0.000703531
 -0.00721933
    0.288433
omega:  -0.416163
   1.04597
-0.0935297
vel: -0.0275179
 -0.172209
  0.285896
schedualgroundLeg: 
1 1 1 1 
phase: 
1 1 1 1 
target_state:           0 -9.4419e-05           0           0
          0 8.82497e-05           0           0
-0.00153791        0.32           0           0
gait_time: 0.0643047
loop_time: 0.0032798
target_force/Torque: 3.27523
13.4424
198.499
 1.90094
-9.23892
 1.18952
force_list:   1.72197   1.42225 -0.369925  0.500928
  3.94532   2.62112   4.55898     2.317
  71.1227   47.9387   52.8898   26.5478
swing_pos: 0 0 0 0
0 0 0 0
0 0 0 0
swing_vel: 0 0 0 0
0 0 0 0
0 0 0 0
foot_point:  0.155881 -0.156012  0.166096 -0.153523
-0.208061  -0.18716  0.272148  0.266069
-0.293609 -0.288678 -0.277479 -0.298122
foot_vel: -0.0573784  0.0011388   0.332988  -0.162627
-0.0177356  -0.323512   -0.16449  -0.417263
 -0.192937  -0.091678  -0.020452   0.217767
rpy:   0.0218439
-0.00842038
-0.00438236
xyz: 0.000179801
-0.00473058
   0.288586
omega: -0.0944534
  0.982059
 -0.112704
vel:  -0.015108
-0.0749244
  0.214777
schedualgroundLeg: 
1 1 1 1 
phase: 
1 1 1 1 
target_state:           0 -9.4419e-05           0           0
          0 8.82497e-05           0           0
-0.00153791        0.32           0           0
gait_time: 0.0687266
loop_time: 0.00442186
target_force/Torque: 1.96401
8.04266
    200
-1.23986
-8.97855
 1.41149
force_list:   1.50757   1.21326 -0.923215  0.166391
  2.61924   1.22701   3.41392  0.782501
  72.2235   50.3831   52.8002   24.5932
swing_pos: 0 0 0 0
0 0 0 0
0 0 0 0
swing_vel: 0 0 0 0
0 0 0 0
0 0 0 0
foot_point:  0.155706 -0.155974  0.165906 -0.153576
-0.207685 -0.186938  0.271509  0.264449
-0.294419 -0.289451 -0.278414 -0.297171
foot_vel:  -0.0814058 -0.00236346   -0.319331   -0.158577
   0.176518   -0.143532  -0.0426753   -0.465841
  -0.198972   -0.163645   -0.345155    0.280551
rpy:   0.0216003
-0.00672454
-0.00477723
xyz: 0.000677328
-0.00436805
   0.288622
omega:   -0.28194
  0.330117
-0.0935297
vel: 0.0370256
0.0218507
 0.128099
schedualgroundLeg: 
1 1 1 1 
phase: 
1 1 1 1 
target_state:           0 -9.4419e-05           0           0
          0 8.82497e-05           0           0
-0.00153791        0.32           0           0
gait_time: 0.0720737
loop_time: 0.0033471
target_force/Torque: -0.949994
  3.17674
      200
0.659365
-2.62872
 1.25923
force_list:  0.551863  0.431854  -1.08148 -0.852232
  1.44156 0.0574577   1.83749 -0.159762
  61.7408   53.8547   45.8387    38.566
swing_pos: 0 0 0 0
0 0 0 0
0 0 0 0
swing_vel: 0 0 0 0
0 0 0 0
0 0 0 0
foot_point:  0.155229 -0.155859  0.165905 -0.155397
-0.207423 -0.187378  0.271178  0.262191
-0.294818 -0.290049 -0.278475 -0.295422
foot_vel:  -0.103144 -0.0527082  -0.319277 -0.0910093
  0.169649 -0.0737757 -0.0888746  -0.387426
 -0.199949  -0.210755  -0.353589   0.245529
rpy:   0.0212465
-0.00619579
-0.00495082
xyz:  0.00122925
-0.00378368
   0.289045
omega:  -0.248917
  0.343965
-0.0956602
vel: 0.0423721
0.0471765
 0.133869
schedualgroundLeg: 
1 1 1 1 
phase: 
1 1 1 1 
target_state:           0 -9.4419e-05           0           0
          0 8.82497e-05           0           0
-0.00153791        0.32           0           0
gait_time: 0.0753937
loop_time: 0.00331999
target_force/Torque: -1.40605
 1.72832
     200
0.364514
-2.82008
 1.29789
force_list:  0.465839   0.36846  -1.23227  -1.00807
  1.05863 -0.351512   1.47317 -0.451959
  62.0674   53.0143   46.8127   38.1056
swing_pos: 0 0 0 0
0 0 0 0
0 0 0 0
swing_vel: 0 0 0 0
0 0 0 0
0 0 0 0
foot_point:  0.154274 -0.156152  0.161753 -0.155561
-0.206055 -0.188133  0.272898  0.260487
-0.296469 -0.290046 -0.281889 -0.294364
foot_vel: -0.130105 -0.064844 -0.510583  0.022764
  0.18826  0.199541  0.452394 -0.230926
-0.278624 -0.174655  -0.52734  0.154829
rpy:   0.0214685
-0.00649168
 -0.0052885
xyz:  0.00187374
-0.00332243
   0.289211
omega: -0.0039059
 -0.396393
-0.0573107
vel: 0.0393151
 0.112239
0.0720298
schedualgroundLeg: 
1 1 1 1 
phase: 
1 1 1 1 
target_state:           0 -9.4419e-05           0           0
          0 8.82497e-05           0           0
-0.00153791        0.32           0           0
gait_time: 0.0810799
loop_time: 0.00568621
target_force/Torque: -1.29771
-1.51651
     200
-2.10779
  4.6131
0.948166
force_list:  0.155471  0.225131 -0.715358 -0.962953
 0.103687 -0.986507  0.501411  -1.13509
  52.5453     66.11   33.5046   47.8401
swing_pos: 0 0 0 0
0 0 0 0
0 0 0 0
swing_vel: 0 0 0 0
0 0 0 0
0 0 0 0
foot_point:  0.154233 -0.156126  0.160392 -0.155569
-0.205598 -0.186213  0.275187  0.260269
-0.297237 -0.291593 -0.283793 -0.294186
foot_vel:   -0.128292 -0.00821936   -0.469089   0.0199483
   0.137831    0.263165    0.468261      -0.161
  -0.319389   -0.165957   -0.472851   0.0980929
rpy:   0.0213318
-0.00927237
-0.00543411
xyz: 0.00190777
-0.0040122
  0.290125
omega:    -0.107237
   -0.654187
-0.000851679
vel: 0.0590224
  0.16859
0.0436853
schedualgroundLeg: 
1 1 1 1 
phase: 
1 1 1 1 
target_state:           0 -9.4419e-05           0           0
          0 8.82497e-05           0           0
-0.00153791        0.32           0           0
gait_time: 0.0845048
loop_time: 0.00342495
target_force/Torque: -1.81949
-4.19643
     200
-1.06081
 7.46911
0.398137
force_list: -0.402807 -0.206051 -0.409547 -0.801081
-0.911206  -1.33673 -0.548043  -1.40044
  47.7169   67.4206   29.8493   55.0134
swing_pos: 0 0 0 0
0 0 0 0
0 0 0 0
swing_vel: 0 0 0 0
0 0 0 0
0 0 0 0
foot_point:  0.154197 -0.156193  0.159895 -0.153826
-0.205455 -0.185669  0.275679  0.260196
  -0.2979 -0.291743 -0.284321 -0.294908
foot_vel:  -0.131426 -0.0751192  -0.422149   0.349974
 0.0406218   0.256996   0.369035   0.141453
 -0.266795  -0.179541  -0.377053  -0.259838
rpy:   0.0217795
 -0.0138364
-0.00544781
xyz: 0.000808669
-0.00518786
   0.291239
omega:  -0.128542
  -1.00359
0.00767044
vel: 0.0581085
 0.186502
0.0612278
schedualgroundLeg: 
1 1 1 1 
phase: 
1 1 1 1 
target_state:           0 -9.4419e-05           0           0
          0 8.82497e-05           0           0
-0.00153791        0.32           0           0
gait_time: 0.0885078
loop_time: 0.004003
target_force/Torque: -0.831728
 -4.80719
      200
-0.892534
  11.4196
 0.314286
force_list: -0.319103 0.0885482 0.0771343 -0.678298
 -1.13223  -1.48318 -0.593029  -1.59875
  44.2316   70.0389   19.5534   66.1761
swing_pos: 0 0 0 0
0 0 0 0
0 0 0 0
swing_vel: 0 0 0 0
0 0 0 0
0 0 0 0
foot_point:  0.153103 -0.156276  0.158124 -0.153129
-0.206417 -0.184348  0.275656  0.260534
-0.298252  -0.29284 -0.284879 -0.295412
foot_vel:  -0.123752 -0.0681587  -0.201962   0.401396
-0.0841995   0.261395   0.175633    0.21016
 -0.270502  -0.182484  -0.332394  -0.366168
rpy:    0.021714
 -0.0178539
-0.00553376
xyz:  5.3657e-07
-0.00536626
   0.291933
omega: -0.0401249
  -1.08242
 0.0225841
vel: 0.0227352
 0.176099
0.0746004
schedualgroundLeg: 
1 1 1 1 
phase: 
1 1 1 1 
target_state:           0 -9.4419e-05           0           0
          0 8.82497e-05           0           0
-0.00153791        0.32           0           0
gait_time: 0.0915424
loop_time: 0.00303462
target_force/Torque:  1.72295
-4.26978
     200
-1.77015
 12.6096
0.173744
force_list:  0.191098  0.727201  0.926986 -0.122323
 -1.08757  -1.34538 -0.324845  -1.51197
  46.3667    69.997    11.372   72.2643
swing_pos: 0 0 0 0
0 0 0 0
0 0 0 0
swing_vel: 0 0 0 0
0 0 0 0
0 0 0 0
foot_point:  0.152998 -0.156219  0.157755 -0.151407
-0.205985 -0.183553  0.278379  0.262326
-0.300074 -0.293782 -0.287073 -0.297204
foot_vel:  -0.119541   0.022327 0.00490701   0.438634
-0.0528754    0.15713   0.182087   0.423874
 -0.358712  -0.197803  -0.190817  -0.466374
rpy:   0.0217213
 -0.0197573
-0.00550516
xyz: -0.000519604
 -0.00534094
    0.292117
omega: -0.109367
 -1.03129
0.0406936
vel: 0.00125624
   0.16638
 0.0792798
schedualgroundLeg: 
1 1 1 1 
phase: 
1 1 1 1 
target_state:           0 -9.4419e-05           0           0
          0 8.82497e-05           0           0
-0.00153791        0.32           0           0
gait_time: 0.097513
loop_time: 0.00597052
target_force/Torque:   3.1948
-3.78781
     200
  -1.07846
   12.2886
-0.0102108
force_list:  0.452767   1.07722   1.34808  0.316734
 -1.02833  -1.13255 -0.351782  -1.27514
  45.7642   69.9078    11.207    73.121
swing_pos: 0 0 0 0
0 0 0 0
0 0 0 0
swing_vel: 0 0 0 0
0 0 0 0
0 0 0 0
foot_point:  0.153045 -0.155963  0.158361 -0.148875
-0.207579  -0.18402  0.278358  0.263696
-0.301688  -0.29473 -0.287888 -0.298706
foot_vel:    0.113042   0.0198881    0.178333    0.428403
  -0.272487 -0.00342819   -0.212759    0.487328
  -0.181083   -0.296749   0.0216161   -0.556169
rpy:   0.0210334
 -0.0250307
-0.00569996
xyz: -0.00336696
-0.00644951
   0.294752
omega:  -0.185001
 -0.393198
-0.0445275
vel: -0.0503013
 0.0774789
  0.155727
schedualgroundLeg: 
1 1 1 1 
phase: 
1 1 1 1 
target_state:           0 -9.4419e-05           0           0
          0 8.82497e-05           0           0
-0.00153791        0.32           0           0
gait_time: 0.101771
loop_time: 0.00425832
target_force/Torque:  7.04307
0.693185
     200
-0.253329
  6.43505
 0.861481
force_list:   2.28477    2.5508   1.36108  0.846431
 0.778132 -0.619488   1.24905 -0.714501
   47.148   69.9769   24.4609   58.4143
swing_pos: 0 0 0 0
0 0 0 0
0 0 0 0
swing_vel: 0 0 0 0
0 0 0 0
0 0 0 0
foot_point:  0.153579 -0.155788   0.15836 -0.147537
-0.206987 -0.182791  0.277877  0.263671
-0.302101 -0.295795 -0.287933  -0.29906
foot_vel:   0.202341 -0.0162615   0.176484   0.234841
 -0.319883  -0.117721  -0.224891   0.412695
 -0.100818  -0.184502  0.0677015  -0.491054
rpy:   0.0206664
 -0.0253813
-0.00578531
xyz: -0.00347358
-0.00636818
   0.294774
omega:  -0.288332
 -0.197189
-0.0338749
vel: -0.069021
 0.021208
 0.157993
schedualgroundLeg: 
1 1 1 1 
phase: 
1 1 1 1 
target_state:           0 -9.4419e-05           0           0
          0 8.82497e-05           0           0
-0.00153791        0.32           0           0
gait_time: 0.104797
loop_time: 0.00302533
target_force/Torque: 8.03513
3.43609
    200
0.816675
 4.51001
0.763489
force_list:   2.51472    2.7344   1.64433   1.14168
   1.4103 0.0921844   1.90964 0.0239775
  48.1688   68.6727   28.3631   54.7954
swing_pos: 0 0 0 0
0 0 0 0
0 0 0 0
swing_vel: 0 0 0 0
0 0 0 0
0 0 0 0
foot_point:  0.153553 -0.155626  0.160734 -0.147052
-0.207916 -0.184617  0.277478  0.263583
-0.302592 -0.296065 -0.287274 -0.299198
foot_vel:   0.200523  0.0930819   0.397957   0.162491
-0.0405556  -0.261113  -0.179748   0.443792
-0.0619548  -0.243498   0.160154  -0.457372
rpy:   0.0200305
 -0.0242495
-0.00602752
xyz: -0.00441986
-0.00578571
   0.295308
omega:   -0.20311
  0.397229
-0.0796812
vel:  -0.117392
-0.0269291
  0.171567
schedualgroundLeg: 
1 1 1 1 
phase: 
1 1 1 1 
target_state:           0 -9.4419e-05           0           0
          0 8.82497e-05           0           0
-0.00153791        0.32           0           0
gait_time: 0.107716
loop_time: 0.00291942
target_force/Torque:  10.435
5.62798
    200
0.0280542
 -1.54734
  1.24577
force_list:  3.56402  3.62107  1.61717  1.63273
 2.26018 0.287977  2.81362 0.266212
 56.9338  62.4956  36.6339  43.9368
swing_pos: 0 0 0 0
0 0 0 0
0 0 0 0
swing_vel: 0 0 0 0
0 0 0 0
0 0 0 0
foot_point:  0.154611 -0.155298  0.163329 -0.146242
-0.208203 -0.183402  0.276014  0.269261
-0.302514 -0.297158 -0.285762 -0.304067
foot_vel:   0.130305  0.0483682   0.401481 -0.0122335
-0.0987882  -0.242877  -0.263159   0.214972
-0.0089292  -0.242516   0.272559  -0.340349
rpy:   0.0196782
 -0.0233029
-0.00613877
xyz: -0.00448405
-0.00663901
   0.296213
omega:  -0.290462
   0.46434
-0.0551802
vel:  -0.122869
-0.0458771
  0.189295
schedualgroundLeg: 
1 1 1 1 
phase: 
1 1 1 1 
target_state:           0 -9.4419e-05           0           0
          0 8.82497e-05           0           0
-0.00153791        0.32           0           0
gait_time: 0.112825
loop_time: 0.00510889
target_force/Torque: 10.5446
6.67347
    200
0.936798
-2.31311
 1.01189
force_list:  3.46861  3.44445   1.8345  1.79704
   2.402 0.731385  2.93351 0.606582
 57.3123  61.3557  37.8945  43.4376
swing_pos: 0 0 0 0
0 0 0 0
0 0 0 0
swing_vel: 0 0 0 0
0 0 0 0
0 0 0 0
foot_point:  0.155286 -0.154909  0.164632 -0.146418
-0.208371 -0.185992  0.274813  0.269412
-0.302491  -0.29817 -0.284641  -0.30506
foot_vel:    0.13365  0.0338839   0.274261  -0.192279
-0.0597266  -0.109666  -0.297184  0.0439136
 0.0560917  -0.266826   0.219968  -0.236817
rpy:   0.0186098
 -0.0197213
-0.00633643
xyz: -0.00490337
-0.00666806
   0.296606
omega:  -0.301115
   1.22068
-0.0807465
vel:  -0.148349
-0.0697735
  0.182913
schedualgroundLeg: 
1 1 1 1 
phase: 
1 1 1 1 
target_state:           0 -9.4419e-05           0           0
          0 8.82497e-05           0           0
-0.00153791        0.32           0           0
gait_time: 0.11586
loop_time: 0.00303514
target_force/Torque: 11.3539
7.72617
    200
 1.15017
-10.2347
 1.28732
force_list:  3.99013  3.78453  1.41301  2.16628
 2.69756 0.926166  3.37304 0.729408
 67.9318  50.1292     51.6  30.3391
swing_pos: 0 0 0 0
0 0 0 0
0 0 0 0
swing_vel: 0 0 0 0
0 0 0 0
0 0 0 0
foot_point:  0.155411  -0.15454  0.164983 -0.146357
-0.208765 -0.185597  0.274464  0.269873
 -0.30252 -0.299246 -0.284592 -0.305832
foot_vel:  0.0820181  0.0882987   0.165075  -0.180878
-0.0870685  -0.230192  -0.271993  -0.123815
0.00170598  -0.278434   0.184542 -0.0857475
rpy:   0.0177015
 -0.0146938
-0.00663743
xyz: -0.00350676
-0.00529698
   0.296744
omega:  -0.337334
   1.22387
-0.0935297
vel:  -0.135694
-0.0497975
  0.189972
schedualgroundLeg: 
1 1 1 1 
phase: 
1 1 1 1 
target_state:           0 -9.4419e-05           0           0
          0 8.82497e-05           0           0
-0.00153791        0.32           0           0
gait_time: 0.118788
loop_time: 0.00292794
target_force/Torque: 9.67756
6.30609
    200
 1.60319
-10.7694
 1.44525
force_list:  3.63007  3.39513 0.866368  1.78599
 2.43618   0.4457  3.11075 0.313467
 68.3817  47.7352  54.2465  29.6367
swing_pos: 0 0 0 0
0 0 0 0
0 0 0 0
swing_vel: 0 0 0 0
0 0 0 0
0 0 0 0
foot_point:  0.155382 -0.154462  0.165158  -0.14802
-0.208925 -0.186456  0.273596  0.268415
-0.302589 -0.300746 -0.284184 -0.305641
foot_vel: -0.00212955   0.0819886  -0.0329252   -0.360409
 -0.0652843  -0.0129597   -0.109653    -0.56617
 -0.0221858   -0.409228  -0.0198512    0.126606
rpy:   0.0166371
-0.00944361
-0.00693926
xyz: -0.00177516
-0.00468077
   0.297292
omega: -0.287266
  1.56902
-0.102052
vel: -0.0945592
-0.0179937
  0.184289
schedualgroundLeg: 
1 1 1 1 
phase: 
1 1 1 1 
target_state:           0 -9.4419e-05           0           0
          0 8.82497e-05           0           0
-0.00153791        0.32           0           0
gait_time: 0.121772
loop_time: 0.00298442
target_force/Torque: 6.48902
4.42093
    200
 1.20895
-14.7458
 1.56065
force_list:   2.82157   2.65784 -0.392266   1.40186
  1.74517 0.0794609   2.77782 -0.181522
  69.7243   45.8015   68.7157   15.7585
swing_pos: 0 0 0 0
0 0 0 0
0 0 0 0
swing_vel: 0 0 0 0
0 0 0 0
0 0 0 0
foot_point:  0.155382 -0.154462   0.16494 -0.148279
-0.208925 -0.186456  0.273596  0.267364
-0.302589 -0.300746 -0.284257 -0.305601
foot_vel: -0.00212955   0.0819886   -0.123485   -0.263755
 -0.0652843  -0.0129597   -0.109653     -0.4981
 -0.0221858   -0.409228  -0.0533355    0.103637
rpy:   0.0162915
-0.00670225
-0.00706377
xyz: -0.000831754
 -0.00403851
    0.297606
omega:  -0.227611
   1.40177
-0.0764855
vel:   -0.0685232
-0.000658178
    0.187117
schedualgroundLeg: 
1 1 1 1 
phase: 
1 1 1 1 
target_state:           0 -9.4419e-05           0           0
          0 8.82497e-05           0           0
-0.00153791        0.32           0           0
gait_time: 0.125259
loop_time: 0.00348637
target_force/Torque: 4.58668
3.36047
    200
0.646962
-13.3475
 1.31744
force_list:   2.15512    1.9979 -0.651021   1.08467
  1.31264 0.0274855   2.25532 -0.234964
  70.1123   45.8699   65.7594   18.2584
swing_pos: 0 0 0 0
0 0 0 0
0 0 0 0
swing_vel: 0 0 0 0
0 0 0 0
0 0 0 0
foot_point:  0.155267 -0.154253  0.164295  -0.14828
-0.209511 -0.189295  0.273381  0.265619
-0.302867 -0.301108 -0.284639  -0.30559
foot_vel: -0.0252745 -0.0680009   -0.23318  -0.262803
-0.0910013 -0.0370881  0.0430882  -0.696974
-0.0798003  -0.353839  -0.139378   0.116735
rpy:   0.0153445
-0.00240584
-0.00715287
xyz: 0.000554853
-0.00259527
    0.29788
omega:  -0.297919
   1.20683
-0.0466581
vel: -0.00632212
  0.0645769
   0.165416
schedualgroundLeg: 
1 1 1 1 
phase: 
1 1 1 1 
target_state:           0 -9.4419e-05           0           0
          0 8.82497e-05           0           0
-0.00153791        0.32           0           0
gait_time: 0.129157
loop_time: 0.00389814
target_force/Torque:  0.573868
-0.341082
      200
 1.44474
-11.8277
 1.02808
force_list:  0.944868  0.719109  -1.25537  0.165249
 0.253922 -0.671648   0.84149 -0.764842
  70.2112   41.1117   64.6918   23.9854
swing_pos: 0 0 0 0
0 0 0 0
0 0 0 0
swing_vel: 0 0 0 0
0 0 0 0
0 0 0 0
foot_point:  0.155249 -0.154427  0.163557 -0.150033
 -0.20978 -0.190381  0.273903  0.262673
 -0.30323 -0.301168 -0.285323 -0.304987
foot_vel: -0.0211085  -0.124165  -0.328261  -0.255475
-0.0138826  0.0281755   0.145532  -0.521173
 -0.165451   -0.32537  -0.228581   0.153544
rpy:   0.0148198
 0.00168744
-0.00727873
xyz:    0.002536
-0.00184217
   0.298109
omega: -0.154108
 0.953297
-0.026418
vel: 0.0632983
0.0879795
 0.154193
schedualgroundLeg: 
1 1 1 1 
phase: 
1 1 1 1 
target_state:           0 -9.4419e-05           0           0
          0 8.82497e-05           0           0
-0.00153791        0.32           0           0
gait_time: 0.132192
loop_time: 0.00303489
target_force/Torque: -3.92092
-1.76264
     200
0.0590988
 -9.70171
 0.838263
force_list: -0.452996 -0.558142  -2.03004 -0.879752
 -0.28119 -0.792436  0.224304 -0.913309
  72.0146   41.0458   60.7702   26.1695
swing_pos: 0 0 0 0
0 0 0 0
0 0 0 0
swing_vel: 0 0 0 0
0 0 0 0
0 0 0 0
foot_point:  0.154819 -0.154705  0.162534 -0.151405
-0.210159 -0.191277  0.273806  0.261364
-0.303931 -0.301176 -0.285675 -0.304501
foot_vel: -0.0273127 -0.0678038  -0.351257   -0.19601
 -0.117496   0.148272  0.0766755  -0.510165
 -0.162332  -0.335006  -0.251622   0.117548
rpy:   0.0144665
 0.00274964
-0.00723844
xyz:   0.00293549
-0.000974767
     0.29824
omega: -0.244656
 0.527191
0.0215189
vel: 0.0859929
 0.108669
 0.152378
schedualgroundLeg: 
1 1 1 1 
phase: 
1 1 1 1 
target_state:           0 -9.4419e-05           0           0
          0 8.82497e-05           0           0
-0.00153791        0.32           0           0
gait_time: 0.135152
loop_time: 0.00295977
target_force/Torque: -5.29029
-3.03253
     200
0.999907
-5.54687
0.354864
force_list:  -1.14032  -1.22899   -1.8108  -1.11019
-0.852223 -0.818692   -0.5009  -0.86072
  65.3543   44.7175    55.853   34.0753
swing_pos: 0 0 0 0
0 0 0 0
0 0 0 0
swing_vel: 0 0 0 0
0 0 0 0
0 0 0 0
foot_point:  0.154758 -0.154792  0.161706 -0.151405
-0.209972 -0.191783  0.274785  0.261364
-0.304126   -0.3012 -0.286777 -0.304501
foot_vel: -0.0187831  -0.108535  -0.288163   -0.19601
-0.0887033   0.195025   0.130759  -0.510165
 -0.187317   -0.31511  -0.320264   0.117548
rpy:  0.0140136
0.00379013
-0.0070974
xyz:   0.00420207
-0.000468414
    0.298658
omega: -0.0592997
  0.317334
 0.0279105
vel: 0.172826
0.171668
0.109996
schedualgroundLeg: 
1 1 1 1 
phase: 
1 1 1 1 
target_state:           0 -9.4419e-05           0           0
          0 8.82497e-05           0           0
-0.00153791        0.32           0           0
gait_time: 0.138375
loop_time: 0.00322304
target_force/Torque: -10.0304
-6.35671
     200
-0.808361
 -3.55235
 0.276845
force_list: -2.47959 -2.55445 -2.81124 -2.18513
-1.81926 -1.47065 -1.49033 -1.57646
 65.5097  46.4002   54.067  34.0233
swing_pos: 0 0 0 0
0 0 0 0
0 0 0 0
swing_vel: 0 0 0 0
0 0 0 0
0 0 0 0
foot_point:   0.15434 -0.155153   0.16095 -0.152573
-0.209914 -0.186653  0.274663  0.258965
-0.305534 -0.305976 -0.287346 -0.303723
foot_vel: -0.0411456   -0.15961  -0.135552  -0.148033
 0.0209177   0.223898   0.204735  -0.370985
 -0.360078  -0.183148  -0.342776   0.124636
rpy:   0.0139511
  0.0032519
-0.00685682
xyz:  0.00472652
-0.00114125
   0.300142
omega:  -0.12002
 -0.40385
0.0886305
vel: 0.207117
0.136249
0.137649
schedualgroundLeg: 
1 1 1 1 
phase: 
1 1 1 1 
target_state:           0 -9.4419e-05           0           0
          0 8.82497e-05           0           0
-0.00153791        0.32           0           0
gait_time: 0.142548
loop_time: 0.00417373
target_force/Torque: -11.7757
-4.49483
     200
-0.194912
  3.71331
-0.354414
force_list:  -3.45325   -3.4532  -2.37622  -2.49298
 -1.71976 -0.691641  -1.41294 -0.670482
  55.6086   56.6406   42.8425   44.9084
swing_pos: 0 0 0 0
0 0 0 0
0 0 0 0
swing_vel: 0 0 0 0
0 0 0 0
0 0 0 0
foot_point:   0.15403 -0.155671  0.160076 -0.152125
-0.209804 -0.186219  0.275562  0.258145
-0.308785 -0.306741 -0.289847 -0.303759
foot_vel: 0.0488036 -0.109667 0.0349545  0.189907
 0.159962 -0.110775 0.0442011 0.0716272
-0.506031 0.0415666  -0.27483 -0.113344
rpy:   0.0135296
0.000770004
-0.00654391
xyz:  0.00430203
-0.00101954
   0.301583
omega: -0.0976492
 -0.682949
 0.0875653
vel: 0.188557
0.127548
0.145461
schedualgroundLeg: 
1 1 1 1 
phase: 
1 1 1 1 
target_state:           0 -9.4419e-05           0           0
          0 8.82497e-05           0           0
-0.00153791        0.32           0           0
gait_time: 0.149561
loop_time: 0.00701223
target_force/Torque: -10.3847
-4.14773
     200
-0.376465
  6.75249
-0.375053
force_list:  -3.14013  -3.08091  -1.98733  -2.17637
 -1.60511 -0.651813  -1.26148 -0.629314
  50.4354   62.5598   37.1718   49.8331
swing_pos: 0 0 0 0
0 0 0 0
0 0 0 0
swing_vel: 0 0 0 0
0 0 0 0
0 0 0 0
foot_point:  0.153958 -0.155708  0.160156 -0.152111
-0.209913 -0.186648  0.274524  0.258536
-0.309912 -0.306762  -0.29002 -0.303997
foot_vel: -0.0202683   -0.02675  0.0239763   0.188312
 0.0447691  -0.153812 -0.0208062   0.103233
 -0.436598  0.0130884   -0.29144  -0.142718
rpy:   0.0128839
-0.00418419
-0.00600537
xyz:   0.00282835
-0.000851176
    0.302112
omega: -0.178609
-0.937548
0.0971527
vel: 0.207341
0.150306
0.147343
schedualgroundLeg: 
1 1 1 1 
phase: 
1 1 1 1 
target_state:           0 -9.4419e-05           0           0
          0 8.82497e-05           0           0
-0.00153791        0.32           0           0
gait_time: 0.152764
loop_time: 0.00320332
target_force/Torque: -10.2664
-5.41849
     200
 0.497703
   9.7939
-0.524781
force_list:  -3.31942  -3.08556  -1.67208  -2.18936
 -1.95513 -0.939716  -1.62144 -0.902211
  44.7864   65.4047   32.9258   56.8833
swing_pos: 0 0 0 0
0 0 0 0
0 0 0 0
swing_vel: 0 0 0 0
0 0 0 0
0 0 0 0
foot_point:  0.153913 -0.155538  0.160293 -0.151027
-0.209006 -0.186648  0.276792  0.258707
-0.311517  -0.30681 -0.292142  -0.30442
foot_vel:  0.0469603  0.0464877  0.0917503   0.275571
  0.163542  -0.153812 -0.0633961   0.113561
 -0.478322 -0.0141672   -0.27905  -0.185472
rpy:   0.0124641
-0.00799076
-0.00563451
xyz:  0.00135342
-0.00141132
   0.303238
omega: -0.129607
 -1.16871
 0.117393
vel: 0.158603
0.133253
0.168107
schedualgroundLeg: 
1 1 1 1 
phase: 
1 1 1 1 
target_state:           0 -9.4419e-05           0           0
          0 8.82497e-05           0           0
-0.00153791        0.32           0           0
gait_time: 0.155616
loop_time: 0.00285217
target_force/Torque: -6.96963
-4.51435
     200
0.0496622
  12.4862
-0.764266
force_list:  -2.69359  -2.40159 -0.545706  -1.32873
 -1.74003 -0.788336  -1.29314 -0.692832
  41.9328   69.9124   23.7295   64.4255
swing_pos: 0 0 0 0
0 0 0 0
0 0 0 0
swing_vel: 0 0 0 0
0 0 0 0
0 0 0 0
foot_point:  0.154044 -0.155367  0.160421 -0.150667
-0.210052 -0.187954  0.275537  0.259553
-0.311517 -0.306888 -0.292726 -0.304869
foot_vel:  0.0769557  0.0780016   0.130726   0.180822
  0.228986  -0.222276 -0.0722114   0.133226
 -0.465474 -0.0696868  -0.173589  -0.149825
rpy:   0.0121946
 -0.0102095
-0.00542469
xyz: 0.000543835
-0.00122479
   0.303325
omega: -0.18287
-1.22517
0.119523
vel: 0.101112
0.101652
0.164295
schedualgroundLeg: 
1 1 1 1 
phase: 
1 1 1 1 
target_state:           0 -9.4419e-05           0           0
          0 8.82497e-05           0           0
-0.00153791        0.32           0           0
gait_time: 0.159113
loop_time: 0.00349682
target_force/Torque: -3.60414
-2.99261
     200
 0.609245
  13.2726
-0.806554
force_list:  -1.93298  -1.42609  0.432734  -0.67779
 -1.33701 -0.477695 -0.755114 -0.422782
  41.3765   69.8329   18.3254   70.4654
swing_pos: 0 0 0 0
0 0 0 0
0 0 0 0
swing_vel: 0 0 0 0
0 0 0 0
0 0 0 0
foot_point:  0.154103 -0.155176  0.160871 -0.149267
-0.207883 -0.188478  0.276616  0.260194
-0.313434 -0.307104 -0.293354 -0.305553
foot_vel:  0.0661791  0.0705361  0.0937912   0.244559
 0.0732355    -0.2875  -0.193288   0.157853
 -0.318397  -0.067638 -0.0994958  -0.211216
rpy:   0.0116089
 -0.0140111
-0.00511399
xyz:  -0.0011347
-0.00129351
   0.304349
omega: -0.178609
 -1.02064
0.0737168
vel: 0.0159697
0.0844607
 0.175983
schedualgroundLeg: 
1 1 1 1 
phase: 
1 1 1 1 
target_state:           0 -9.4419e-05           0           0
          0 8.82497e-05           0           0
-0.00153791        0.32           0           0
gait_time: 0.162372
loop_time: 0.00325892
target_force/Torque:   1.5495
-2.19319
     200
0.625205
 11.6075
-0.37956
force_list: -0.306237    0.2617   1.32684  0.267213
-0.815494 -0.688456 -0.040999 -0.648232
  42.2536   69.6357   17.3587   70.7521
swing_pos: 0 0 0 0
0 0 0 0
0 0 0 0
swing_vel: 0 0 0 0
0 0 0 0
0 0 0 0
foot_point:  0.154486 -0.154525  0.161107 -0.149239
-0.208405 -0.189062  0.274189  0.260674
 -0.31449 -0.307456 -0.293739 -0.305956
foot_vel:    0.14025    0.13027   0.100157   0.243265
 -0.156953   -0.18582  -0.110827   0.163677
  -0.10371  -0.144712 -0.0798389   -0.23494
rpy:   0.0108725
 -0.0176332
-0.00487862
xyz:   -0.0024558
-0.000243861
    0.304873
omega: -0.268091
-0.931156
0.0747821
vel: -0.0597631
 0.0761612
  0.179409
schedualgroundLeg: 
1 1 1 1 
phase: 
1 1 1 1 
target_state:           0 -9.4419e-05           0           0
          0 8.82497e-05           0           0
-0.00153791        0.32           0           0
gait_time: 0.165863
loop_time: 0.00349168
target_force/Torque:  6.14085
-2.08353
     200
 1.59366
 11.0749
-0.41375
force_list:   0.927494    1.45592    2.40584    1.35161
 -0.613654   -0.74323 0.00381923  -0.730464
    38.162    71.6966    18.3719    71.7695
swing_pos: 0 0 0 0
0 0 0 0
0 0 0 0
swing_vel: 0 0 0 0
0 0 0 0
0 0 0 0
foot_point:  0.154816 -0.154053  0.161802 -0.147976
-0.209978 -0.189309  0.273109  0.261058
-0.314757 -0.308096  -0.29373 -0.306772
foot_vel:   0.124262   0.118082   0.173839  0.0927988
 -0.204542  -0.190494  -0.230012   0.120293
-0.0392534  -0.214008  0.0567386  -0.185775
rpy:   0.0103879
 -0.0187308
-0.00476271
xyz: -0.00294698
7.57045e-05
   0.305015
omega: -0.276614
 -0.58601
0.0630642
vel: -0.0873423
 0.0666193
  0.177961
schedualgroundLeg: 
1 1 1 1 
phase: 
1 1 1 1 
target_state:           0 -9.4419e-05           0           0
          0 8.82497e-05           0           0
-0.00153791        0.32           0           0
gait_time: 0.169443
loop_time: 0.00357998
target_force/Torque: 7.78185
-1.7368
    200
  1.72734
  7.73319
-0.308162
force_list:    1.57351    1.96804    2.52302    1.71729
 -0.446367   -0.65489 0.00133044  -0.636873
   40.0531    69.6843    25.1413    65.1214
swing_pos: 0 0 0 0
0 0 0 0
0 0 0 0
swing_vel: 0 0 0 0
0 0 0 0
0 0 0 0
foot_point:  0.155226 -0.153685  0.161816 -0.147538
-0.209831 -0.189309  0.272061  0.260949
-0.314776 -0.308196 -0.293208 -0.307321
foot_vel:  0.122303 0.0999997  0.170211 0.0984687
 -0.26801 -0.190494 -0.257095 0.0154106
0.0174833 -0.207396  0.175097 -0.227952
rpy:   0.0096735
 -0.0197598
-0.00460265
xyz:  -0.0039998
0.000660416
   0.305422
omega: -0.222285
-0.231277
0.0353673
vel: -0.163656
0.0626644
 0.183119
schedualgroundLeg: 
1 1 1 1 
phase: 
1 1 1 1 
target_state:           0 -9.4419e-05           0           0
          0 8.82497e-05           0           0
-0.00153791        0.32           0           0
gait_time: 0.172621
loop_time: 0.00317737
target_force/Torque:  11.9549
-1.75025
     200
    1.2555
   4.28875
-0.0471991
force_list:   2.96771    3.2223   3.22976   2.53519
 -0.20913 -0.883869  0.193886 -0.851134
  42.3797   68.3357   29.5923   59.6924
swing_pos: 0 0 0 0
0 0 0 0
0 0 0 0
swing_vel: 0 0 0 0
0 0 0 0
0 0 0 0
foot_point:  0.155438 -0.153453  0.162546 -0.147276
-0.211603 -0.191165  0.271779  0.260908
-0.314771 -0.308899 -0.292771 -0.307559
foot_vel:   0.179442   0.105225   0.141875  0.0491094
 -0.366251  -0.194182  -0.277159 0.00800128
  0.037027  -0.229844   0.179926  -0.207165
rpy:  0.00869746
 -0.0189364
-0.00457709
xyz: -0.00435713
 0.00221428
   0.305569
omega:    -0.28194
   0.370597
-0.00511274
vel:  -0.20312
0.0632258
 0.180257
schedualgroundLeg: 
1 1 1 1 
phase: 
1 1 1 1 
target_state:           0 -9.4419e-05           0           0
          0 8.82497e-05           0           0
-0.00153791        0.32           0           0
gait_time: 0.175664
loop_time: 0.0030434
target_force/Torque:  13.8789
-2.22614
     200
 1.94965
-1.81234
0.355046
force_list:    3.91688    3.95123    3.16102    2.84981
-0.0791359   -1.19143   0.200969   -1.15654
    48.955    59.3954    40.5383    51.1112
swing_pos: 0 0 0 0
0 0 0 0
0 0 0 0
swing_vel: 0 0 0 0
0 0 0 0
0 0 0 0
foot_point:  0.156282 -0.152704  0.163606 -0.146868
-0.214039 -0.190795  0.270736  0.261053
-0.314558  -0.31162 -0.291852 -0.309039
foot_vel:  0.0524562  0.0884602 -0.0193269 -0.0142422
 -0.354562  -0.110412  -0.165327 -0.0413059
 0.0119229  -0.383242   0.158876  -0.228058
rpy:  0.00827838
 -0.0177788
-0.00458841
xyz: -0.0046114
0.00247358
  0.305999
omega:    -0.24359
   0.610282
-0.00724327
vel: -0.202245
0.0675107
 0.168447
schedualgroundLeg: 
1 1 1 1 
phase: 
1 1 1 1 
target_state:           0 -9.4419e-05           0           0
          0 8.82497e-05           0           0
-0.00153791        0.32           0           0
gait_time: 0.183487
loop_time: 0.0078225
target_force/Torque:  13.7219
-2.55089
     200
 1.60807
-4.32494
0.377483
force_list:   3.92433   3.90815   2.92908   2.96037
-0.184529  -1.25227  0.102012   -1.2161
  53.1098   55.3359   44.1237   47.4307
swing_pos: 0 0 0 0
0 0 0 0
0 0 0 0
swing_vel: 0 0 0 0
0 0 0 0
0 0 0 0
foot_point:  0.156374 -0.152085  0.163551 -0.146815
-0.215825 -0.192376  0.269469  0.259699
-0.314561 -0.311928 -0.290983 -0.309746
foot_vel:  -0.0139378   0.0890151  -0.0277123 -0.00912595
  -0.408891   -0.111382   -0.161694    -0.25329
 -0.0111068   -0.383174   0.0667056   -0.160631
rpy:  0.00662167
-0.00931707
-0.00482263
xyz: -0.00237501
 0.00453253
   0.306577
omega:  -0.190327
   1.39538
-0.0498538
vel: -0.160765
 0.128443
 0.145679
schedualgroundLeg: 
1 1 1 1 
phase: 
1 1 1 1 
target_state:           0 -9.4419e-05           0           0
          0 8.82497e-05           0           0
-0.00153791        0.32           0           0
gait_time: 0.186353
loop_time: 0.00286663
target_force/Torque:  9.94868
-6.26149
     200
 1.24111
-13.0221
0.827011
force_list:   3.35346   3.29297   1.17818   2.12407
  -1.1017  -2.18129 -0.830918  -2.14759
   66.562   39.2001   62.2749   31.9632
swing_pos: 0 0 0 0
0 0 0 0
0 0 0 0
swing_vel: 0 0 0 0
0 0 0 0
0 0 0 0
foot_point:  0.156345  -0.15207  0.163368 -0.146772
-0.217041 -0.195409  0.269316  0.258214
-0.314621 -0.312186 -0.290949 -0.310654
foot_vel: -0.00386261   0.0884556  -0.0566831  -0.0344671
  -0.162293   -0.268754   -0.044269   -0.308469
 -0.0195272   -0.394381  -0.0159302   -0.180174
rpy:   0.0058916
-0.00368478
-0.00507098
xyz: -0.000648862
  0.00641862
    0.306861
omega:   -0.24146
   1.48912
-0.0818118
vel: -0.121829
 0.183035
 0.129872
schedualgroundLeg: 
1 1 1 1 
phase: 
1 1 1 1 
target_state:           0 -9.4419e-05           0           0
          0 8.82497e-05           0           0
-0.00153791        0.32           0           0
gait_time: 0.189772
loop_time: 0.00341872
target_force/Torque:  6.81917
-9.48423
     200
 1.82544
-14.5228
 1.17142
force_list:   2.83862   2.64698 0.0869982   1.24656
  -1.7222  -3.08679  -1.62168  -3.05356
  69.0354   32.7001   67.6876    30.577
swing_pos: 0 0 0 0
0 0 0 0
0 0 0 0
swing_vel: 0 0 0 0
0 0 0 0
0 0 0 0
foot_point:  0.156345 -0.151332  0.163354 -0.146851
-0.217304 -0.196691  0.269105  0.256799
-0.314638 -0.312477  -0.29101 -0.311335
foot_vel:  0.00586172 -0.00868663   0.0319906  -0.0163604
  -0.107525    -0.25264  -0.0144564   -0.375029
-0.00716569   -0.355564  -0.0176012   -0.165613
rpy:   0.00551967
-0.000872682
 -0.00523209
xyz: 0.000107347
 0.00719556
   0.307053
omega:  -0.216959
    1.5605
-0.0913992
vel: -0.0893954
  0.198324
  0.124978
schedualgroundLeg: 
1 1 1 1 
phase: 
1 1 1 1 
target_state:           0 -9.4419e-05           0           0
          0 8.82497e-05           0           0
-0.00153791        0.32           0           0
gait_time: 0.196436
loop_time: 0.00666393
target_force/Torque: 4.62246
-10.468
    200
 1.61762
-15.5177
 1.28341
force_list:    2.4207   2.14374 -0.814926  0.872919
  -2.0294  -3.27057  -1.92129  -3.24675
  71.0077   30.2557   71.0116   27.7251
swing_pos: 0 0 0 0
0 0 0 0
0 0 0 0
swing_vel: 0 0 0 0
0 0 0 0
0 0 0 0
foot_point:  0.155867 -0.151663  0.163215 -0.147011
-0.216516 -0.190794    0.2704  0.255338
-0.315531 -0.320359 -0.292226 -0.311799
foot_vel:  -0.0430868   -0.276784 -0.00425935  -0.0192869
   0.223417   0.0665414    0.166585   -0.429567
  -0.161738   -0.366678    -0.16846  -0.0419279
rpy:   0.0038903
  0.0102332
-0.00581328
xyz:  0.0037952
0.00650676
  0.309897
omega:  -0.213763
   1.32081
-0.0690286
vel:  0.03087
 0.14846
0.160264
schedualgroundLeg: 
1 1 1 1 
phase: 
1 1 1 1 
target_state:           0 -9.4419e-05           0           0
          0 8.82497e-05           0           0
-0.00153791        0.32           0           0
gait_time: 0.20166
loop_time: 0.00522447
target_force/Torque:  -3.8155
-8.13278
     200
  1.7486
-14.2314
 1.11782
force_list: -0.261322  0.367573   -3.1136 -0.808167
 -2.03407  -2.24595  -1.72128  -2.13148
  72.4441   30.7576   74.0158   22.7827
swing_pos: 0 0 0 0
0 0 0 0
0 0 0 0
swing_vel: 0 0 0 0
0 0 0 0
0 0 0 0
foot_point:  0.155764 -0.152721  0.163207 -0.147018
-0.216002 -0.190321  0.270619  0.253986
-0.315759 -0.321191 -0.292563  -0.31188
foot_vel:   -0.031227   -0.377847   0.0204414 -0.00920859
   0.336435  -0.0130033    0.172184   -0.177764
  -0.232577   -0.120247   -0.206677  0.00729864
rpy:  0.00306734
  0.0135806
-0.00602694
xyz: 0.00510621
0.00689397
  0.310153
omega:  -0.275548
  0.696568
-0.0445275
vel:  0.11712
0.166969
0.148812
schedualgroundLeg: 
1 1 1 1 
phase: 
1 1 1 1 
target_state:           0 -9.4419e-05           0           0
          0 8.82497e-05           0           0
-0.00153791        0.32           0           0
gait_time: 0.204878
loop_time: 0.00321709
target_force/Torque: -8.89411
-9.28658
     200
 2.44875
-8.32374
0.894179
force_list: -1.70338  -1.4966 -3.40012 -2.29402
-2.20031 -2.48318 -2.15677 -2.44632
 66.5777  34.3687  66.0605  32.9932
swing_pos: 0 0 0 0
0 0 0 0
0 0 0 0
swing_vel: 0 0 0 0
0 0 0 0
0 0 0 0
foot_point:  0.155712 -0.153868  0.163202 -0.147004
-0.214833 -0.191462  0.270923  0.253583
-0.316904 -0.321203 -0.292791 -0.311893
foot_vel:  -0.0310305    -0.43041   0.0200686  0.00365931
   0.110557   -0.202915    0.150911   -0.101301
  -0.240195  -0.0223709   -0.190167 -0.00697873
rpy:  0.00266038
   0.014409
-0.00609099
xyz: 0.00537971
 0.0069038
  0.310418
omega:   -0.22335
  0.495233
-0.0296138
vel: 0.147848
0.186043
 0.13774
schedualgroundLeg: 
1 1 1 1 
phase: 
1 1 1 1 
target_state:           0 -9.4419e-05           0           0
          0 8.82497e-05           0           0
-0.00153791        0.32           0           0
gait_time: 0.207891
loop_time: 0.00301345
target_force/Torque: -10.6112
-10.3127
     200
 1.96747
-6.39323
0.751447
force_list: -2.32265  -2.0558 -3.61122 -2.62153
 -2.5316  -2.6946 -2.47337 -2.61316
 64.7549  36.6523  63.5535  35.0394
swing_pos: 0 0 0 0
0 0 0 0
0 0 0 0
swing_vel: 0 0 0 0
0 0 0 0
0 0 0 0
foot_point:  0.155668 -0.155193  0.163212 -0.147095
-0.214328 -0.191018  0.271108    0.2532
-0.317865 -0.321184 -0.293955 -0.311907
foot_vel:  -0.0245655   -0.472321   0.0275032 -0.00252702
   0.213948   -0.418989   0.0478919  -0.0514944
  -0.385323    0.155755   -0.253989  0.00723997
rpy: 0.00209487
 0.0150578
-0.0060729
xyz: 0.00625365
0.00680027
  0.311174
omega: -0.198849
0.0392998
0.0279105
vel: 0.196436
0.158876
0.142119
schedualgroundLeg: 
1 1 1 1 
phase: 
1 1 1 1 
target_state:           0 -9.4419e-05           0           0
          0 8.82497e-05           0           0
-0.00153791        0.32           0           0
gait_time: 0.211205
loop_time: 0.00331398
target_force/Torque: -13.3166
-9.03613
     200
 1.77901
-1.89878
0.174395
force_list:  -3.4577 -3.23374 -3.52165 -3.10348
-2.56692 -1.98925 -2.49907 -1.98089
   60.05  42.7622  56.7957  40.3923
swing_pos: 0 0 0 0
0 0 0 0
0 0 0 0
swing_vel: 0 0 0 0
0 0 0 0
0 0 0 0
foot_point:  0.155126 -0.156049  0.163171 -0.147121
 -0.21525 -0.192531  0.270387  0.253195
-0.318026 -0.321088 -0.294092 -0.311896
foot_vel: -0.0508385  -0.246064 0.00854037 -0.0113636
 0.0146367  -0.284476  0.0130445 -0.0531826
 -0.398741  0.0882904  -0.266957  0.0120692
rpy: 0.00133608
 0.0136269
-0.0058981
xyz: 0.00619177
0.00793957
  0.311259
omega: -0.190327
-0.532747
0.0438894
vel: 0.225171
0.165436
0.132532
schedualgroundLeg: 
1 1 1 1 
phase: 
1 1 1 1 
target_state:           0 -9.4419e-05           0           0
          0 8.82497e-05           0           0
-0.00153791        0.32           0           0
gait_time: 0.214298
loop_time: 0.0030927
target_force/Torque: -14.5287
-9.71273
     200
    1.76966
    3.96478
-0.00287554
force_list: -3.88472 -3.87454 -3.39066 -3.37876
-2.70414  -2.1887 -2.65609  -2.1638
 50.8108  51.3423  48.6346  49.2123
swing_pos: 0 0 0 0
0 0 0 0
0 0 0 0
swing_vel: 0 0 0 0
0 0 0 0
0 0 0 0
foot_point:   0.15487 -0.156882  0.163178 -0.147094
-0.212731 -0.192923  0.268894  0.253104
-0.320309  -0.32057 -0.294342 -0.311912
foot_vel: -0.0180901  -0.200715  0.0200752  0.0152099
  0.134413  -0.324059  -0.196747 -0.0147478
 -0.487456   0.103015  -0.298006 0.00593866
rpy:  0.00111034
   0.012045
-0.00578453
xyz: 0.00570244
0.00823756
  0.311303
omega: -0.148782
-0.902394
  0.06626
vel: 0.218551
0.170681
0.132467
schedualgroundLeg: 
1 1 1 1 
phase: 
1 1 1 1 
target_state:           0 -9.4419e-05           0           0
          0 8.82497e-05           0           0
-0.00153791        0.32           0           0
gait_time: 0.217288
loop_time: 0.00299062
target_force/Torque: -13.8587
 -10.065
     200
  1.37678
  7.81944
-0.237938
force_list: -3.94641 -3.91143 -2.79032 -3.21058
-2.81949 -2.20949 -2.76358 -2.27242
 44.6761  58.2056  41.9607  55.1577
swing_pos: 0 0 0 0
0 0 0 0
0 0 0 0
swing_vel: 0 0 0 0
0 0 0 0
0 0 0 0
foot_point:  0.154771 -0.157095  0.163274 -0.146869
-0.210658 -0.194651  0.270851  0.253182
-0.322106 -0.320653 -0.297247  -0.31196
foot_vel:  0.0271211  0.0443538  0.0424773  0.0533458
  0.208206  -0.370365  -0.256802 -0.0550376
 -0.527597  0.0147153     -0.324 -0.0135499
rpy: 0.000236034
 0.00757529
-0.00536268
xyz: 0.00463466
 0.0086716
  0.311826
omega: -0.253178
 -1.15912
 0.107805
vel: 0.204523
0.146875
0.142316
schedualgroundLeg: 
1 1 1 1 
phase: 
1 1 1 1 
target_state:           0 -9.4419e-05           0           0
          0 8.82497e-05           0           0
-0.00153791        0.32           0           0
gait_time: 0.22043
loop_time: 0.00314193
target_force/Torque: -12.2704
-9.08449
     200
  2.50817
  10.8337
-0.695576
force_list: -3.88681  -3.8023 -1.93454 -2.64675
-2.75098 -1.77537 -2.75141 -1.80673
 38.2093  63.0263  37.1798  61.5846
swing_pos: 0 0 0 0
0 0 0 0
0 0 0 0
swing_vel: 0 0 0 0
0 0 0 0
0 0 0 0
foot_point:  0.154694 -0.156846  0.163251 -0.146866
-0.214267 -0.195488  0.271412  0.252558
-0.323725 -0.320786 -0.298254 -0.311479
foot_vel:   0.0250591    0.105948   0.0408799   0.0537819
  -0.237435   -0.291327   -0.175343   -0.067439
  -0.484101 0.000184059   -0.248477   0.0229444
rpy: -0.000205205
  0.00310623
 -0.00490183
xyz: 0.00318139
0.00883134
  0.313576
omega: -0.121085
 -1.42757
 0.129111
vel:  0.18982
0.125401
0.177029
schedualgroundLeg: 
1 1 1 1 
phase: 
1 1 1 1 
target_state:           0 -9.4419e-05           0           0
          0 8.82497e-05           0           0
-0.00153791        0.32           0           0
gait_time: 0.224574
loop_time: 0.0041438
target_force/Torque: -10.5707
-8.09893
 199.364
  1.23137
  13.9651
-0.954714
force_list: -3.76447 -3.55486 -1.18444 -2.06694
-2.50448 -1.59833 -2.40825 -1.58788
 34.7134  69.0082  28.6711  66.9718
swing_pos: 0 0 0 0
0 0 0 0
0 0 0 0
swing_vel: 0 0 0 0
0 0 0 0
0 0 0 0
foot_point:  0.155696 -0.154606  0.163233 -0.146608
-0.216912 -0.196435  0.268501  0.252644
 -0.32633  -0.32159 -0.299046  -0.31162
foot_vel:   0.271396   0.349606  0.0352326  0.0181349
 -0.453192  -0.058227  -0.367559   0.114065
 -0.153258  -0.199627 0.00421871 -0.0693229
rpy: -0.000550888
 0.000264921
  -0.0046385
xyz: 0.00213477
0.00944705
  0.313982
omega: -0.230807
 -1.58949
 0.131241
vel:  0.11172
0.121747
0.183452
schedualgroundLeg: 
1 1 1 1 
phase: 
1 1 1 1 
target_state:           0 -9.4419e-05           0           0
          0 8.82497e-05           0           0
-0.00153791        0.32           0           0
gait_time: 0.231974
loop_time: 0.00739972
target_force/Torque: -6.03432
-8.06906
 198.853
 2.36316
 15.8684
-1.00235
force_list: -3.12325 -2.42862 0.739845 -1.22228
-1.88055  -2.1447 -1.90296 -2.14085
 26.8914  73.7143  24.8676  73.3795
swing_pos: 0 0 0 0
0 0 0 0
0 0 0 0
swing_vel: 0 0 0 0
0 0 0 0
0 0 0 0
foot_point:  0.156153 -0.153661  0.163542 -0.146455
-0.217687 -0.196118  0.268292  0.252975
-0.326578  -0.32208 -0.298796 -0.311914
foot_vel:    0.222473    0.290155  -0.0365879   0.0308521
    -0.3047 -0.00310059   -0.427856    0.123559
   -0.10978   -0.222547   0.0238861  -0.0817007
rpy: -0.00127716
-0.00518782
-0.00409919
xyz: -0.000602407
   0.0109309
    0.314766
omega: -0.163696
 -1.50107
  0.14509
vel: -0.0168498
 0.0886773
  0.183124
schedualgroundLeg: 
1 1 1 1 
phase: 
1 1 1 1 
target_state:           0 -9.4419e-05           0           0
          0 8.82497e-05           0           0
-0.00153791        0.32           0           0
gait_time: 0.235392
loop_time: 0.00341789
target_force/Torque:  1.74334
-6.78855
 198.823
 1.76467
 15.5295
-1.19477
force_list: -10.8932  -2.8072  8.42312  6.44071
 7.31092 -10.8841  7.41824 -10.6217
 27.2331  74.5576  21.0577  74.5578
swing_pos: 0 0 0 0
0 0 0 0
0 0 0 0
swing_vel: 0 0 0 0
0 0 0 0
0 0 0 0
foot_point:   0.15614 -0.152893   0.16353 -0.146217
-0.219115 -0.195456  0.266734  0.253395
-0.326885 -0.322782 -0.298784 -0.312295
foot_vel:   0.217008   0.377149 0.00918194  0.0653021
 -0.483983  0.0306965  -0.303287   0.200199
 0.0230142  -0.280622  0.0585619  -0.156584
rpy: -0.00283375
 -0.0130705
-0.00303603
xyz: -0.00339577
  0.0119834
   0.315047
omega: -0.172218
-0.818238
 0.119523
vel: -0.198724
 0.151347
 0.142321
schedualgroundLeg: 
1 1 1 1 
phase: 
1 1 1 1 
target_state:           0 -9.4419e-05           0           0
          0 8.82497e-05           0           0
-0.00153791        0.32           0           0
gait_time: 0.237921
loop_time: 0.00252887
target_force/Torque:  12.5971
-10.3411
     200
 2.00555
 9.48943
-1.04542
force_list:  2.05329  2.45738  4.84641  3.24006
-2.27344 -2.88188 -2.27871  -2.9071
 27.2637  73.2465  26.0706  73.4193
swing_pos: 0 0 0 0
0 0 0 0
0 0 0 0
swing_vel: 0 0 0 0
0 0 0 0
0 0 0 0
foot_point:  0.158183 -0.152323  0.163535 -0.146104
-0.220856 -0.196757  0.266134  0.252588
-0.326418 -0.323024 -0.298552 -0.312408
foot_vel:     0.3278   0.346006 0.00802333  0.0399065
  -0.27286   -0.12198   -0.30435 -0.0120941
 0.0737217  -0.281384   0.111498  -0.170357
rpy: -0.00324201
 -0.0137399
-0.00285283
xyz: -0.00414697
  0.0119461
   0.315121
omega: -0.234003
-0.365501
0.0801084
vel: -0.216526
 0.143527
 0.132639
schedualgroundLeg: 
1 1 1 1 
phase: 
1 1 1 1 
target_state:           0 -9.4419e-05           0           0
          0 8.82497e-05           0           0
-0.00153791        0.32           0           0
gait_time: 0.241145
loop_time: 0.00322486
target_force/Torque:  13.7417
-10.0046
     200
  2.66423
    5.029
-0.669592
force_list:  2.95062  3.14889  4.21069  3.43152
-2.28674 -2.62926 -2.37595 -2.71264
 32.0261  66.7637  34.0798  67.1304
swing_pos: 0 0 0 0
0 0 0 0
0 0 0 0
swing_vel: 0 0 0 0
0 0 0 0
0 0 0 0
foot_point:  0.159226 -0.150311  0.163897 -0.145472
-0.221816 -0.197281  0.264961  0.252944
-0.326121 -0.324215 -0.298151  -0.31346
foot_vel:    0.422974    0.405886   0.0462912    0.134666
  -0.392444   -0.116875   -0.313176 -0.00663234
   0.168322   -0.322148    0.132463   -0.248293
rpy: -0.00406194
 -0.0132242
-0.00270857
xyz: -0.00516595
  0.0139173
   0.315467
omega: -0.206306
 0.220395
0.0215189
vel: -0.257472
  0.17604
 0.133192
schedualgroundLeg: 
1 1 1 1 
phase: 
1 1 1 1 
target_state:           0 -9.4419e-05           0           0
          0 8.82497e-05           0           0
-0.00153791        0.32           0           0
gait_time: 0.244025
loop_time: 0.00288
target_force/Torque:  15.9175
-12.1435
     200
   2.46926
 -0.881524
-0.0981226
force_list:  4.10209  4.11588  4.12386  3.57567
 -2.5226 -3.39919 -2.70635 -3.51531
 39.5197  57.8289  42.6404  60.0111
swing_pos: 0 0 0 0
0 0 0 0
0 0 0 0
swing_vel: 0 0 0 0
0 0 0 0
0 0 0 0
foot_point:  0.160977 -0.149035  0.163882 -0.145316
-0.223134 -0.198218  0.263646  0.253028
-0.325581 -0.324593 -0.297626 -0.313936
foot_vel:   0.452344   0.435085 -0.0153714     0.1032
 -0.497561  -0.106027  -0.426451   0.112007
  0.156235  -0.333445   0.215294  -0.292457
rpy: -0.00446562
 -0.0121229
-0.00267031
xyz: -0.00516884
  0.0144267
   0.315517
omega: -0.222285
 0.600694
0.0193883
vel: -0.262015
 0.186861
 0.126655
schedualgroundLeg: 
1 1 1 1 
phase: 
1 1 1 1 
target_state:           0 -9.4419e-05           0           0
          0 8.82497e-05           0           0
-0.00153791        0.32           0           0
gait_time: 0.247439
loop_time: 0.00341333
target_force/Torque:   15.984
-12.8487
     200
   2.66941
  -4.79465
-0.0806436
force_list:  4.30829  4.17905   3.8566  3.64007
-2.80839 -3.44352 -3.07974 -3.51705
 44.8265  51.1095  49.3797  54.6844
swing_pos: 0 0 0 0
0 0 0 0
0 0 0 0
swing_vel: 0 0 0 0
0 0 0 0
0 0 0 0
foot_point:  0.161504 -0.148145   0.16395 -0.145256
-0.223877 -0.199169  0.263332   0.25323
-0.325425 -0.324871 -0.297422 -0.314692
foot_vel:   0.345826   0.199523   0.089709   0.100082
 -0.703576  -0.241308  -0.203222 -0.0110534
  0.123743  -0.255278   0.191618  -0.335342
rpy: -0.00543233
-0.00730594
-0.00274274
xyz: -0.00425193
  0.0155555
   0.315599
omega:  -0.251047
   1.46143
-0.0296138
vel: -0.264659
 0.220565
 0.111482
schedualgroundLeg: 
1 1 1 1 
phase: 
1 1 1 1 
target_state:           0 -9.4419e-05           0           0
          0 8.82497e-05           0           0
-0.00153791        0.32           0           0
gait_time: 0.250811
loop_time: 0.00337211
target_force/Torque:  15.2152
-14.9094
     200
 3.05371
-13.8837
0.416622
force_list:  4.51731  4.61704  2.73355  3.34729
-3.21478  -3.9448 -3.67949 -4.07037
 59.0322  33.9986  64.9665  42.0028
swing_pos: 0 0 0 0
0 0 0 0
0 0 0 0
swing_vel: 0 0 0 0
0 0 0 0
0 0 0 0
foot_point:  0.162627 -0.147584  0.163972 -0.143472
-0.226909 -0.200922  0.262002  0.253751
-0.325126 -0.325113 -0.296338 -0.316496
foot_vel:  0.113137 0.0487703 -0.026946  0.137797
-0.304296 -0.309827 -0.183528 -0.230286
 0.026444 -0.201898  0.126834  -0.30697
rpy: -0.00577132
-0.00430581
-0.00285524
xyz: -0.00362105
  0.0163694
   0.315601
omega:  -0.169022
    1.5573
-0.0551802
vel: -0.250379
 0.228411
 0.111619
schedualgroundLeg: 
1 1 1 1 
phase: 
1 1 1 1 
target_state:           0 -9.4419e-05           0           0
          0 8.82497e-05           0           0
-0.00153791        0.32           0           0
gait_time: 0.255372
loop_time: 0.0045609
target_force/Torque:  13.9216
-15.5171
     200
 2.26735
-15.1424
0.683535
force_list:  4.43417  4.41688  2.07755  2.99299
-3.28879 -4.18999 -3.71798 -4.32036
 61.9936  31.5301  66.8408  39.6356
swing_pos: 0 0 0 0
0 0 0 0
0 0 0 0
swing_vel: 0 0 0 0
0 0 0 0
0 0 0 0
foot_point:   0.16271 -0.147344   0.16382 -0.143317
-0.226909 -0.196483  0.261989  0.251485
-0.325103 -0.329739 -0.296388 -0.316765
foot_vel:  0.0521696  -0.118302 -0.0257552  0.0580161
 -0.304296  -0.157693  -0.176112  -0.447458
0.00630809  -0.350698   0.128346  -0.296135
rpy: -0.00681945
 0.00567608
-0.00357967
xyz: -0.00137185
  0.0169463
   0.317091
omega: -0.198849
  2.00897
-0.127618
vel: -0.166626
 0.223812
 0.132868
schedualgroundLeg: 
1 1 1 1 
phase: 
1 1 1 1 
target_state:           0 -9.4419e-05           0           0
          0 8.82497e-05           0           0
-0.00153791        0.32           0           0
gait_time: 0.258126
loop_time: 0.00275447
target_force/Torque:  7.78219
-15.5604
     200
 2.67044
-20.6573
 1.48036
force_list:  13.0013  6.96276 -25.0254  12.9469
-13.2307   6.1579 -13.9263  5.43606
 74.9956  17.4073  74.9958  32.3677
swing_pos: 0 0 0 0
0 0 0 0
0 0 0 0
swing_vel: 0 0 0 0
0 0 0 0
0 0 0 0
foot_point:  0.162052 -0.147423  0.163835 -0.143125
 -0.22658 -0.195784  0.262175   0.24896
-0.326107 -0.331207 -0.296286 -0.318237
foot_vel:  -0.215354  -0.186549  0.0433667 0.00192914
   0.26176 -0.0306687  0.0947101  -0.370561
  -0.21407  -0.409951 -0.0541531  -0.214369
rpy: -0.00717011
 0.00936165
-0.00383575
xyz: -0.000138818
   0.0170472
    0.317495
omega:  -0.18287
  1.94719
-0.108443
vel: -0.118327
 0.207619
 0.140523
schedualgroundLeg: 
1 1 1 1 
phase: 
1 1 1 1 
target_state:           0 -9.4419e-05           0           0
          0 8.82497e-05           0           0
-0.00153791        0.32           0           0
gait_time: 0.261899
loop_time: 0.00377297
target_force/Torque:  4.56946
-14.8285
     200
 2.54571
-20.4081
 1.31422
force_list:  15.4342  7.14172 -30.0554   12.443
-16.7881  7.15102 -17.1634  11.9571
 74.9701  17.9201  75.0342  31.2098
swing_pos: 0 0 0 0
0 0 0 0
0 0 0 0
swing_vel: 0 0 0 0
0 0 0 0
0 0 0 0
foot_point:  0.161802 -0.148348  0.163841 -0.143193
-0.226428  -0.19792  0.262659   0.24896
-0.326181 -0.332138 -0.296602 -0.318221
foot_vel:  -0.217822  -0.453685 -0.0104059 -0.0425014
  0.309884  -0.315038   0.108016  -0.370561
 -0.215909  -0.168835  -0.135455  -0.196748
rpy: -0.00781281
  0.0158105
-0.00427564
xyz: 0.00234601
 0.0181864
  0.318212
omega: -0.178609
  1.70537
-0.098856
vel: -0.0211292
  0.236618
  0.117244
schedualgroundLeg: 
1 1 1 1 
phase: 
1 1 1 1 
target_state:           0 -9.4419e-05           0           0
          0 8.82497e-05           0           0
-0.00153791        0.32           0           0
gait_time: 0.264955
loop_time: 0.00305632
target_force/Torque: -1.76013
-16.6307
     200
 2.56737
-18.6348
 1.26233
force_list:  11.6331  6.55259 -30.0014   10.596
-16.4631  6.53205 -16.9799  10.2741
  74.999  16.3824  75.0009  32.4087
swing_pos: 0 0 0 0
0 0 0 0
0 0 0 0
swing_vel: 0 0 0 0
0 0 0 0
0 0 0 0
foot_point:  0.161771 -0.150128  0.164349  -0.14338
-0.223892 -0.198932  0.263304  0.246244
-0.327425 -0.332673 -0.296928 -0.318995
foot_vel:  -0.216006  -0.398161   0.320788  -0.175827
  0.539879  -0.735723   0.278785  -0.503531
 -0.321376  -0.125047 -0.0703387  0.0458158
rpy:  -0.0085063
  0.0212601
-0.00485745
xyz: 0.0045254
0.0180913
 0.318798
omega: -0.155173
  1.26116
-0.140401
vel: 0.0944253
 0.214103
 0.120671
schedualgroundLeg: 
1 1 1 1 
phase: 
1 1 1 1 
target_state:           0 -9.4419e-05           0           0
          0 8.82497e-05           0           0
-0.00153791        0.32           0           0
gait_time: 0.267815
loop_time: 0.00285946
target_force/Torque: -8.78799
 -15.617
     200
 2.40236
-14.7376
 1.73597
force_list: -0.252806   2.80476  -11.4559  0.152209
 -6.24136  -1.16352  -6.76118  -1.45365
  75.0375   17.7926   74.9681    32.118
swing_pos: 0 0 0 0
0 0 0 0
0 0 0 0
swing_vel: 0 0 0 0
0 0 0 0
0 0 0 0
foot_point:  0.161771  -0.15241  0.165395 -0.144302
-0.223892 -0.201216  0.263762  0.244545
-0.327425 -0.332609 -0.296842 -0.318803
foot_vel:  -0.216006   -0.56593   0.498487  -0.447497
  0.539879  -0.853398   0.403583  -0.677722
 -0.321376  0.0665541 -0.0834385   0.196369
rpy: -0.00876306
  0.0228727
-0.00510846
xyz: 0.00501968
 0.0184234
  0.319377
omega: -0.131738
 0.859553
-0.108443
vel: 0.149257
0.205452
0.128097
schedualgroundLeg: 
1 1 1 1 
phase: 
1 1 1 1 
target_state:           0 -9.4419e-05           0           0
          0 8.82497e-05           0           0
-0.00153791        0.32           0           0
gait_time: 0.270986
loop_time: 0.00317134
target_force/Torque: -11.8583
-15.3006
     200
 2.19368
-10.8828
 1.44149
force_list: -1.92317  -1.4833 -5.19705 -3.25482
-3.30349 -3.90422 -3.95436 -4.13855
 70.9894   22.314  70.7131  35.9836
swing_pos: 0 0 0 0
0 0 0 0
0 0 0 0
swing_vel: 0 0 0 0
0 0 0 0
0 0 0 0
foot_point:  0.158277 -0.153802  0.168514 -0.144319
-0.222646 -0.203934  0.263913  0.243284
-0.328396 -0.332452 -0.295799 -0.318596
foot_vel: -0.331567 -0.756309    1.1083  -0.44428
  0.47001 -0.909307  0.307588 -0.809959
-0.360886  0.259438  0.108005  0.232173
rpy: -0.00929403
  0.0252528
-0.00553307
xyz: 0.00669921
 0.0201126
  0.319064
omega:  -0.170087
  0.650762
-0.0945949
vel: 0.243409
0.228547
0.109366
schedualgroundLeg: 
1 1 1 1 
phase: 
1 1 1 1 
target_state:           0 -9.4419e-05           0           0
          0 8.82497e-05           0           0
-0.00153791        0.32           0           0
gait_time: 0.2743
loop_time: 0.00331326
target_force/Torque: -17.2692
-16.9123
     200
2.63027
-9.0329
1.34547
force_list: -3.32504 -2.88694 -6.53251 -4.52473
-3.77813  -4.0203 -4.74991 -4.36393
 70.9673  20.2171  70.4517   38.364
swing_pos: 0 0 0 0
0 0 0 0
0 0 0 0
swing_vel: 0 0 0 0
0 0 0 0
0 0 0 0
foot_point:  0.157199 -0.153798  0.169484 -0.147115
-0.222175 -0.206114  0.263623  0.241253
-0.328688 -0.332552 -0.295518 -0.318073
foot_vel: -0.282618 -0.755964   1.04201 -0.726889
 0.351303 -0.776902  0.160676 -0.688112
-0.343848  0.271085 0.0605189  0.351176
rpy: -0.00985469
  0.0256482
-0.00564596
xyz: 0.00667567
  0.020308
  0.319032
omega:  -0.309637
  0.125586
-0.0360054
vel: 0.239635
0.230627
0.103655
schedualgroundLeg: 
1 1 1 1 
phase: 
1 1 1 1 
target_state:           0 -9.4419e-05           0           0
          0 8.82497e-05           0           0
-0.00153791        0.32           0           0
gait_time: 0.277601
loop_time: 0.00330104
target_force/Torque: -17.1406
-17.1434
     200
 4.08184
-3.82069
0.770859
force_list: -3.77925 -3.52976 -5.44476 -4.38687
-3.94018 -4.05748 -4.75611 -4.38961
 57.3784  30.4994  67.6152  44.5071
swing_pos: 0 0 0 0
0 0 0 0
0 0 0 0
swing_vel: 0 0 0 0
0 0 0 0
0 0 0 0
foot_point:  0.156709 -0.158256  0.169476 -0.149518
-0.222507 -0.208774  0.267779  0.239526
-0.328815 -0.331336 -0.300095 -0.317592
foot_vel:  -0.13486 -0.687443   1.05857 -0.362824
 0.115753 -0.848283  0.180307 -0.242823
-0.292035   0.26325 -0.188666  0.240903
rpy:  -0.0105592
  0.0240492
-0.00572404
xyz: 0.00745645
 0.0207645
  0.319778
omega:  -0.151978
 -0.486941
-0.0477233
vel: 0.289707
0.220172
0.116291
schedualgroundLeg: 
1 1 1 1 
phase: 
1 1 1 1 
target_state:           0 -9.4419e-05           0           0
          0 8.82497e-05           0           0
-0.00153791        0.32           0           0
gait_time: 0.281102
loop_time: 0.00350168
target_force/Torque: -19.5396
-16.8262
     200
 2.57569
 2.46449
0.895846
force_list: -4.45296 -4.40077 -5.38864 -5.29728
-3.73158 -4.37863 -4.13098 -4.58507
 49.9246  41.3748  58.7291  49.9716
swing_pos: 0 0 0 0
0 0 0 0
0 0 0 0
swing_vel: 0 0 0 0
0 0 0 0
0 0 0 0
foot_point:  0.156149 -0.159984  0.169472 -0.150218
-0.217262 -0.209089  0.267376  0.237947
-0.334255 -0.330626 -0.302132 -0.315996
foot_vel:  -0.125691   -0.34025     1.0656 -0.0904206
 -0.117009  -0.776185  -0.428376 -0.0676735
 -0.486011  0.0889891  -0.101958   0.195661
rpy:  -0.0114109
  0.0208076
-0.00572977
xyz: 0.00845599
 0.0207143
  0.320866
omega: -0.206306
-0.949266
0.0108662
vel: 0.342492
0.170894
0.135767
schedualgroundLeg: 
1 1 1 1 
phase: 
1 1 1 1 
target_state:           0 -9.4419e-05           0           0
          0 8.82497e-05           0           0
-0.00153791        0.32           0           0

