foot_point:  0.144569 -0.156408  0.149217 -0.145847
-0.245227 -0.232533  0.223235    0.2463
-0.268198 -0.275132 -0.262552 -0.282323
foot_vel:   0.0357621  -0.0273492  -0.0177687  -0.0340315
 0.00230223   0.0268921  0.00686344  -0.0219254
   0.011021  -0.0128948  -0.0179283 -0.00864708
rpy:  0.0233691
-0.0201108
0.00730401
xyz: -2.86372e-05
-7.85904e-06
    0.272011
omega: -0.000629892
 -0.00243147
  0.00217729
vel: -0.000358061
 9.75346e-05
 3.60632e-05
schedualgroundLeg: 
1 1 1 1 
phase: 
1 1 1 1 
target_state:            0 -2.86372e-05            0            0
           0 -7.85904e-06            0            0
  0.00730401         0.32            0            0
gait_time: 0.000776576
loop_time: 0.000776576
target_force/Torque: 3.36722
3.88611
    200
  -2.33061
    2.0354
-0.0217729
force_list: 0.848778 0.753716  1.02229 0.742438
0.962999 0.984657  1.02825 0.910206
 49.1171  57.4779  42.5793  50.8259
swing_pos: 0 0 0 0
0 0 0 0
0 0 0 0
swing_vel: 0 0 0 0
0 0 0 0
0 0 0 0
foot_point:  0.144569 -0.156408  0.149217 -0.145835
-0.245227 -0.232537  0.223235  0.246312
-0.268198 -0.275126 -0.262552 -0.282325
foot_vel:  0.00922157  -0.0169566 -0.00692472    0.030579
  0.0134081           0  0.00489685   0.0292157
-0.00592789  0.00607626 -0.00919625  -0.0287278
rpy:  0.0233733
-0.0201018
0.00729846
xyz: -2.91831e-05
-1.19603e-05
    0.272012
omega:   0.0025659
 0.00182959
-0.00527956
vel: -0.000386092
 2.33289e-05
 -2.9324e-05
schedualgroundLeg: 
1 1 1 1 
phase: 
1 1 1 1 
target_state:            0 -2.86372e-05            0            0
           0 -7.85904e-06            0            0
  0.00730401         0.32            0            0
gait_time: 0.00500465
loop_time: 0.00422808
target_force/Torque: 3.36733
 3.8914
    200
 -2.36299
  1.99189
0.0533511
force_list: 0.886529 0.778917 0.979914 0.721972
 1.03964 0.921171  1.10736 0.823223
 49.0544  57.5989  42.7902  50.5566
swing_pos: 0 0 0 0
0 0 0 0
0 0 0 0
swing_vel: 0 0 0 0
0 0 0 0
0 0 0 0
foot_point:  0.144569 -0.156408  0.149217 -0.145835
-0.245227 -0.232537  0.223235  0.246312
-0.268198 -0.275126 -0.262552 -0.282325
foot_vel:  0.00896583  -0.0456266           0   0.0263303
  0.0140081 -0.00164099           0   0.0240727
0.000599597   0.0185169           0  -0.0220428
rpy:   0.023376
-0.0201052
0.00729218
xyz: -3.01182e-05
-1.26792e-05
    0.272012
omega: 0.000435373
  -0.004562
 0.00111203
vel: -0.000294277
 -4.6656e-05
  2.9675e-05
schedualgroundLeg: 
1 1 1 1 
phase: 
1 1 1 1 
target_state:            0 -2.86372e-05            0            0
           0 -7.85904e-06            0            0
  0.00730401         0.32            0            0
gait_time: 0.00851629
loop_time: 0.00351164
target_force/Torque: 3.36345
3.89545
    200
   -2.34195
    2.05614
-0.00993678
force_list: 0.844853 0.734912     1.03 0.753692
 1.00072 0.961555  1.06831 0.864864
 48.9527  57.6693  42.6791   50.699
swing_pos: 0 0 0 0
0 0 0 0
0 0 0 0
swing_vel: 0 0 0 0
0 0 0 0
0 0 0 0
foot_point:  0.144558 -0.156396  0.149217 -0.145847
-0.245231 -0.232537  0.223224  0.246307
-0.268196  -0.27513 -0.262552 -0.282317
foot_vel:  -0.0171775 0.000228539 -0.00280727  -0.0352947
-0.00218376  0.00146954  -0.0224187 -0.00339057
  0.0157585  0.00194383 -0.00822597   0.0286947
rpy:  0.0233829
-0.0201269
0.00732525
xyz: -3.30622e-05
-1.37353e-05
    0.272011
omega:   0.0025659
-0.00349674
 0.00750362
vel: -0.000349272
-3.04287e-05
-7.76494e-06
schedualgroundLeg: 
1 1 1 1 
phase: 
1 1 1 1 
target_state:            0 -2.86372e-05            0            0
           0 -7.85904e-06            0            0
  0.00730401         0.32            0            0
gait_time: 0.0118999
loop_time: 0.00338359
target_force/Torque: 3.37044
3.89602
    200
  -2.36395
   2.04766
-0.0771597
force_list: 0.799845 0.721226  1.07463 0.774741
0.944548  1.03473 0.998173 0.918575
  49.133  57.5396  42.5212  50.8062
swing_pos: 0 0 0 0
0 0 0 0
0 0 0 0
swing_vel: 0 0 0 0
0 0 0 0
0 0 0 0
foot_point:  0.143785  -0.15594   0.14838 -0.145727
-0.244763 -0.232376  0.223789  0.246307
-0.269144 -0.275512 -0.263645 -0.282355
foot_vel:   -0.433937    0.271282   -0.482051    0.150738
   0.222267    0.184675    0.202101 -0.00339057
  -0.499619   -0.329932   -0.521688  -0.0432138
rpy:  0.0233984
-0.0201038
0.00734754
xyz:   0.00022172
-0.000324908
    0.272623
omega:   0.011088
0.00715591
0.00111203
vel:  0.00616849
-0.00790274
  0.0153177
schedualgroundLeg: 
1 1 1 1 
phase: 
1 1 1 1 
target_state:            0 -2.86372e-05            0            0
           0 -7.85904e-06            0            0
  0.00730401         0.32            0            0
gait_time: 0.0147578
loop_time: 0.00285794
target_force/Torque: 2.97532
4.33647
    200
  -2.45072
   1.93882
-0.0154732
force_list: 0.745977 0.663863 0.929736 0.635746
 1.08658  1.09187   1.1589 0.999124
  49.711  57.4853  42.8191  49.9846
swing_pos: 0 0 0 0
0 0 0 0
0 0 0 0
swing_vel: 0 0 0 0
0 0 0 0
0 0 0 0
foot_point:  0.141937 -0.155947  0.147853 -0.142726
-0.243847 -0.230678  0.225191  0.246188
 -0.27114 -0.277676 -0.265836 -0.283313
foot_vel:  -0.457827    0.27509  -0.529564   0.633779
  0.370486   0.553729   0.408466 -0.0385287
 -0.737892  -0.823614  -0.766915  -0.238958
rpy:  0.0233947
-0.0201246
0.00734497
xyz:  0.000381035
-0.000399529
    0.272911
omega: -0.0112825
-0.0173452
0.00324256
vel:   0.0100067
-0.00969284
  0.0221026
schedualgroundLeg: 
1 1 1 1 
phase: 
1 1 1 1 
target_state:            0 -2.86372e-05            0            0
           0 -7.85904e-06            0            0
  0.00730401         0.32            0            0
gait_time: 0.0190868
loop_time: 0.00432902
target_force/Torque: 2.74782
4.43273
    200
  -2.22665
   2.18591
-0.0365209
force_list: 0.689638 0.576808 0.854166 0.627213
 1.12836  1.13125  1.15438  1.01874
 49.5249  57.7186  42.2348  50.5218
swing_pos: 0 0 0 0
0 0 0 0
0 0 0 0
swing_vel: 0 0 0 0
0 0 0 0
0 0 0 0
foot_point:  0.139538 -0.153509  0.143468 -0.140582
-0.240641 -0.227545  0.225112  0.249807
-0.276194 -0.282397 -0.267328 -0.287339
foot_vel: -0.603384   0.30985 -0.357708  0.497677
 0.901161  0.601423  0.428411  0.621938
 -1.42862 -0.855441 -0.705965 -0.809508
rpy:  0.0227097
-0.0215395
0.00735952
xyz: -0.000165597
 -0.00291901
    0.277142
omega:  0.0568944
 -0.130263
-0.0169975
vel: -0.00339663
 -0.0714221
   0.125823
schedualgroundLeg: 
1 1 1 1 
phase: 
1 1 1 1 
target_state:            0 -2.86372e-05            0            0
           0 -7.85904e-06            0            0
  0.00730401         0.32            0            0
gait_time: 0.0239189
loop_time: 0.00483204
target_force/Torque: 3.65742
7.76574
    200
-2.83991
 3.45658
0.164424
force_list:  1.05788 0.906912   1.1062 0.586433
 2.06447  1.77524  2.23686  1.68917
 49.0365  62.7925  37.7503  50.4208
swing_pos: 0 0 0 0
0 0 0 0
0 0 0 0
swing_vel: 0 0 0 0
0 0 0 0
0 0 0 0
foot_point:  0.135253 -0.151335   0.14199 -0.137627
-0.237042 -0.226445  0.229323  0.252903
-0.282412 -0.284475 -0.272875 -0.291207
foot_vel: -0.602773  0.602717  -0.35683  0.572816
  1.11662  0.634321  0.686842  0.693122
 -1.66365 -0.993111 -0.989028 -0.852818
rpy:   0.023565
-0.0197958
0.00726718
xyz: 0.000845671
-0.00585709
   0.280811
omega: -0.0166089
  0.181859
 0.0181563
vel: 0.0218446
 -0.14648
 0.220465
schedualgroundLeg: 
1 1 1 1 
phase: 
1 1 1 1 
target_state:            0 -2.86372e-05            0            0
           0 -7.85904e-06            0            0
  0.00730401         0.32            0            0
gait_time: 0.0269428
loop_time: 0.00302393
target_force/Torque: 1.83879
12.1237
    200
-2.19041
0.160986
-0.17788
force_list: 0.308917 0.343064 0.587572 0.599238
 2.89661  3.08955   3.1399   2.9976
 57.0275  56.8275  43.1379  43.0071
swing_pos: 0 0 0 0
0 0 0 0
0 0 0 0
swing_vel: 0 0 0 0
0 0 0 0
0 0 0 0
foot_point:  0.133149 -0.148931  0.140741 -0.137503
-0.234998 -0.222992  0.231515  0.255137
-0.284307 -0.288746 -0.275763 -0.293267
foot_vel: -0.549132  0.368693 -0.336416  0.582865
  1.15898   1.00884  0.603737  0.617427
 -1.68369  -1.09369 -0.858715 -0.757879
rpy:     0.0229
-0.0204583
0.00747941
xyz: 0.000414692
-0.00731444
   0.283331
omega: -0.422475
-0.425341
 0.138531
vel: 0.0110154
-0.181824
 0.281849
schedualgroundLeg: 
1 1 1 1 
phase: 
1 1 1 1 
target_state:            0 -2.86372e-05            0            0
           0 -7.85904e-06            0            0
  0.00730401         0.32            0            0
gait_time: 0.0298587
loop_time: 0.00291587
target_force/Torque: 2.51228
13.9931
199.483
 1.93475
 6.29925
-1.40285
force_list: -0.239191 -0.420686   1.91886    1.2533
  2.61064   4.36499   2.79816   4.21929
  43.1426   64.8804   34.0991    57.361
swing_pos: 0 0 0 0
0 0 0 0
0 0 0 0
swing_vel: 0 0 0 0
0 0 0 0
0 0 0 0
foot_point:  0.132697 -0.148863   0.13982 -0.137405
-0.230404 -0.219856  0.234182  0.257386
-0.290108 -0.291948 -0.278633   -0.2949
foot_vel: -0.575181  0.379568 -0.187503   0.58324
  1.01055  0.750748  0.767041  0.808818
 -1.52287  -0.78267 -0.898959 -0.808567
rpy:   0.022854
-0.0192151
 0.0076144
xyz: 0.0012773
-0.011426
 0.287461
omega:   0.186857
  0.913696
-0.0777175
vel: 0.0326902
 -0.28578
 0.386807
schedualgroundLeg: 
1 1 1 1 
phase: 
1 1 1 1 
target_state:            0 -2.86372e-05            0            0
           0 -7.85904e-06            0            0
  0.00730401         0.32            0            0
gait_time: 0.0335144
loop_time: 0.00365574
target_force/Torque: 1.00012
 19.876
193.467
-4.15396
-7.21545
0.746137
force_list:  0.707222  0.799613 -0.774744  0.268029
  5.24637   4.33501   5.98295   4.31169
  69.4678   51.3525   55.2689   17.3774
swing_pos: 0 0 0 0
0 0 0 0
0 0 0 0
swing_vel: 0 0 0 0
0 0 0 0
0 0 0 0
foot_point:  0.128277 -0.148296  0.139527 -0.137329
-0.228721 -0.218385  0.237622  0.259163
-0.293338 -0.292997 -0.281817 -0.296147
foot_vel: -0.526927 -0.114078  0.140783  0.601508
 0.936461  0.474795  0.875032  0.484911
 -1.39783 -0.410966 -0.783844  -0.54896
rpy:  0.0220987
-0.0173204
0.00749499
xyz: 0.00286419
-0.0142028
  0.290565
omega: -0.406496
 0.164815
0.0181563
vel: 0.0708841
-0.347537
 0.454236
schedualgroundLeg: 
1 1 1 1 
phase: 
1 1 1 1 
target_state:            0 -2.86372e-05            0            0
           0 -7.85904e-06            0            0
  0.00730401         0.32            0            0
gait_time: 0.0378877
loop_time: 0.00437324
target_force/Torque: -1.54346
 23.3389
 189.641
  1.85508
0.0838903
 -0.20066
force_list: -0.508481 -0.484037 -0.327429 -0.223516
  5.70886   5.88773      5.92   5.82228
     57.5   52.6032   42.3086   37.2295
swing_pos: 0 0 0 0
0 0 0 0
0 0 0 0
swing_vel: 0 0 0 0
0 0 0 0
0 0 0 0
foot_point:  0.126128 -0.148666  0.139942 -0.133663
-0.222712 -0.216877  0.238666  0.260642
-0.300594 -0.294798 -0.282442 -0.298009
foot_vel: -0.0953001  -0.179646   0.242404  -0.171298
  0.625059 -0.0322364   0.703055   0.272382
  -0.75254 -0.0549836  -0.598275  -0.122258
rpy:  0.0217502
 -0.013692
0.00750218
xyz:  0.0034982
-0.0170017
  0.293594
omega: -0.0837205
   1.43355
-0.0606733
vel: 0.0883567
-0.425262
 0.540208
schedualgroundLeg: 
1 1 1 1 
phase: 
1 1 1 1 
target_state:            0 -2.86372e-05            0            0
           0 -7.85904e-06            0            0
  0.00730401         0.32            0            0
gait_time: 0.0407461
loop_time: 0.00285839
target_force/Torque: -3.08606
  27.636
 184.696
-1.33781
-12.9662
0.586917
force_list:  19.4833 -16.5522  -5.8776 0.800886
-18.7359  17.1373  27.7042 0.800915
 69.2599   42.842  69.2598   2.0007
swing_pos: 0 0 0 0
0 0 0 0
0 0 0 0
swing_vel: 0 0 0 0
0 0 0 0
0 0 0 0
foot_point:  0.126243 -0.148852  0.139803 -0.134206
  -0.2227 -0.216992  0.241313  0.260319
-0.300566 -0.294842 -0.285021 -0.297909
foot_vel:   0.228255  -0.128394   0.235007  -0.267188
  0.644623  -0.219279   0.612911   0.159539
 -0.614968   0.038117  -0.425859 -0.0999641
rpy:  0.0212124
-0.0117987
0.00751553
xyz: 0.00417193
-0.0174384
  0.294231
omega: -0.388386
 0.819953
0.0106994
vel:  0.105359
-0.436901
 0.557066
schedualgroundLeg: 
1 1 1 1 
phase: 
1 1 1 1 
target_state:            0 -2.86372e-05            0            0
           0 -7.85904e-06            0            0
  0.00730401         0.32            0            0
gait_time: 0.0443985
loop_time: 0.00365241
target_force/Torque: -4.33305
 28.2197
 183.735
  1.76262
 -7.01966
-0.128146
force_list:  -1.26889  -1.82271  -1.27686 0.0354049
  7.30016   9.11543   8.28615   3.51797
  63.5587   47.0835   62.3555   10.7374
swing_pos: 0 0 0 0
0 0 0 0
0 0 0 0
swing_vel: 0 0 0 0
0 0 0 0
0 0 0 0
foot_point:  0.126893 -0.149061  0.142321 -0.134515
-0.220967  -0.21865  0.242054  0.260447
-0.302301 -0.294378 -0.284898 -0.298124
foot_vel:   0.266145  -0.105965   0.395258  -0.332099
-0.0391571  -0.508699   0.371235  -0.238998
   0.11138   0.182113  -0.210045   0.277991
rpy:   0.0198465
-0.00946802
 0.00778973
xyz: 0.00426281
-0.0172472
  0.294576
omega:   -0.34258
   1.11716
0.00856888
vel:   0.10557
-0.423823
 0.554894
schedualgroundLeg: 
1 1 1 1 
phase: 
1 1 1 1 
target_state:            0 -2.86372e-05            0            0
           0 -7.85904e-06            0            0
  0.00730401         0.32            0            0
gait_time: 0.0478735
loop_time: 0.00347508
target_force/Torque: -4.67285
 27.3474
 183.815
  1.44115
 -10.2248
-0.134261
force_list: 0.319421 -3.22898 -2.79716  1.03387
 6.29762  11.7501  8.29619  1.00356
 68.4924  42.2098  68.6429  4.46955
swing_pos: 0 0 0 0
0 0 0 0
0 0 0 0
swing_vel: 0 0 0 0
0 0 0 0
0 0 0 0
foot_point:  0.128402 -0.150832  0.144273 -0.138485
-0.221463 -0.220957  0.243333  0.259574
-0.301771 -0.293577 -0.285561 -0.296339
foot_vel:   0.132926   -0.19571   0.369987  -0.777234
-0.0899394   -0.85357  0.0460864  -0.342252
  0.202901    0.23193  0.0661786   0.536322
rpy:    0.019056
-0.00732147
 0.00791693
xyz: 0.00546543
-0.0163937
  0.293993
omega: -0.233923
-0.328402
 0.102312
vel:  0.137146
-0.408556
 0.548286
schedualgroundLeg: 
1 1 1 1 
phase: 
1 1 1 1 
target_state:            0 -2.86372e-05            0            0
           0 -7.85904e-06            0            0
  0.00730401         0.32            0            0
gait_time: 0.0507169
loop_time: 0.00284337
target_force/Torque: -6.78146
 26.3315
 184.304
0.433629
 4.01617
-1.08441
force_list:  -2.49168  -2.36334 -0.927633 -0.998809
  5.64834   7.29486   6.13148   7.25684
  54.9441    58.632    33.859   36.8694
swing_pos: 0 0 0 0
0 0 0 0
0 0 0 0
swing_vel: 0 0 0 0
0 0 0 0
0 0 0 0
foot_point:   0.12847 -0.150845  0.145054 -0.140311
-0.221823 -0.222793  0.243267  0.257777
-0.301006 -0.292603 -0.285252  -0.29539
foot_vel:  0.129717 -0.194299  0.186877  -1.13053
 0.221313 -0.745498 -0.084605 -0.586172
 0.234613  0.284875   0.12412  0.802808
rpy:   0.0186554
-0.00870317
 0.00817453
xyz: 0.00535811
-0.0152622
  0.293305
omega: -0.254163
-0.594719
 0.145988
vel:   0.13428
-0.378909
 0.529204
schedualgroundLeg: 
1 1 1 1 
phase: 
1 1 1 1 
target_state:            0 -2.86372e-05            0            0
           0 -7.85904e-06            0            0
  0.00730401         0.32            0            0
gait_time: 0.0538157
loop_time: 0.00309883
target_force/Torque: -6.42878
 24.5906
 185.452
0.676087
  6.8175
-1.54693
force_list:  -2.80637  -2.58163 -0.429994 -0.610786
  5.03814   7.10721    5.4658   6.97943
   50.161   62.1509   29.0121   44.1279
swing_pos: 0 0 0 0
0 0 0 0
0 0 0 0
swing_vel: 0 0 0 0
0 0 0 0
0 0 0 0
foot_point:  0.128527 -0.151207  0.145229 -0.142911
-0.222237 -0.225274  0.243122   0.25738
-0.300367 -0.291515 -0.285056 -0.294677
foot_vel:   0.129222 -0.0980881  0.0342183    -1.2283
 -0.474179  -0.519908  -0.110441  -0.576343
  0.236668   0.334728  0.0910537   0.832169
rpy:  0.0174296
 -0.010895
0.00877006
xyz: 0.00535627
-0.0140166
  0.292666
omega:  -0.32234
-0.877014
 0.187533
vel:  0.126416
-0.345997
 0.501963
schedualgroundLeg: 
1 1 1 1 
phase: 
1 1 1 1 
target_state:            0 -2.86372e-05            0            0
           0 -7.85904e-06            0            0
  0.00730401         0.32            0            0
gait_time: 0.0566655
loop_time: 0.00284973
target_force/Torque: -5.72462
 22.5574
 187.008
 1.48043
 9.85964
-2.02194
force_list:  -3.02145  -2.67891  0.207304 -0.231554
   4.3241   6.87974   4.68824   6.66529
  44.8215   65.0907   24.0761   53.0201
swing_pos: 0 0 0 0
0 0 0 0
0 0 0 0
swing_vel: 0 0 0 0
0 0 0 0
0 0 0 0
foot_point:  0.128549 -0.151294  0.145019 -0.147107
-0.223185 -0.226239  0.240811  0.256823
-0.300127 -0.291467 -0.285232 -0.293463
foot_vel:    0.13408 -0.0171412  -0.195724  -0.857798
 -0.535816  -0.643364  -0.445726  -0.548634
   0.18106   0.310298  -0.107506   0.683494
rpy:  0.0171028
-0.0134108
0.00911179
xyz: 0.00468551
-0.0129684
  0.292654
omega: -0.255228
 -1.33188
 0.183272
vel:  0.114991
-0.298568
 0.468212
schedualgroundLeg: 
1 1 1 1 
phase: 
1 1 1 1 
target_state:            0 -2.86372e-05            0            0
           0 -7.85904e-06            0            0
  0.00730401         0.32            0            0
gait_time: 0.0598832
loop_time: 0.00321769
target_force/Torque: -4.66756
 19.9569
 188.813
0.841996
 14.6599
 -2.0135
force_list:  -2.81098  -1.97548  0.470738 -0.351826
  4.22964   6.41553   3.01426   6.29752
  44.1234   66.6033   8.96945   69.1169
swing_pos: 0 0 0 0
0 0 0 0
0 0 0 0
swing_vel: 0 0 0 0
0 0 0 0
0 0 0 0
foot_point:  0.126375 -0.151581   0.14445 -0.149399
-0.224976 -0.228082  0.240731  0.250561
-0.300376 -0.290264 -0.285333  -0.28796
foot_vel:  -0.424489 -0.0773029 -0.0746191  -0.605263
 -0.642389  -0.357081  -0.485789  -0.633395
 -0.152425      0.139 -0.0203218   0.590893
rpy:  0.0160438
-0.0198367
0.00954086
xyz:  0.00519815
-0.00989118
   0.290884
omega: -0.399039
 -2.07224
 0.165163
vel:  0.134666
-0.175049
 0.345034
schedualgroundLeg: 
1 1 1 1 
phase: 
1 1 1 1 
target_state:            0 -2.86372e-05            0            0
           0 -7.85904e-06            0            0
  0.00730401         0.32            0            0
gait_time: 0.0640911
loop_time: 0.00420799
target_force/Torque: -4.78777
 13.1382
 195.448
 2.38601
 22.7061
-1.87531
force_list: -12.1767  -1.8804  5.18771  1.69248
 12.1758  -1.2239  5.19084 -2.74689
 30.4404  73.2958  12.9721  73.2923
swing_pos: 0 0 0 0
0 0 0 0
0 0 0 0
swing_vel: 0 0 0 0
0 0 0 0
0 0 0 0
foot_point:  0.125384 -0.151582  0.144134 -0.149406
-0.228485 -0.228528   0.23775   0.24982
-0.300531 -0.290178 -0.285438 -0.287585
foot_vel:  -0.362579 -0.0784437  -0.120349  -0.604852
 -0.692208 -0.0164287  -0.389702  -0.682634
 -0.117585  0.0403895  0.0105226   0.571113
rpy:  0.0151271
-0.0274056
 0.0101427
xyz:  0.00331186
-0.00772274
    0.29089
omega: -0.204095
 -1.51085
 0.139596
vel:  0.0618295
-0.0467734
  0.252691
schedualgroundLeg: 
1 1 1 1 
phase: 
1 1 1 1 
target_state:            0 -2.86372e-05            0            0
           0 -7.85904e-06            0            0
  0.00730401         0.32            0            0
gait_time: 0.0669161
loop_time: 0.00282493
target_force/Torque: 0.395742
 6.19102
     200
0.528247
  17.849
-1.67983
force_list: -12.5093  2.87235  6.77574  2.47284
 7.84128 -3.10478  5.16416  -3.6167
  31.273  75.0001  16.9395  74.9998
swing_pos: 0 0 0 0
0 0 0 0
0 0 0 0
swing_vel: 0 0 0 0
0 0 0 0
0 0 0 0
foot_point:  0.125292 -0.150806  0.143526 -0.150791
 -0.23148 -0.227976  0.235996  0.248788
 -0.30095 -0.291021 -0.285021 -0.286187
foot_vel:  0.0951969   0.110284 -0.0540732   0.322511
 -0.642621    0.28281  -0.361874  -0.247783
 -0.041803  -0.293343   0.131089  -0.164567
rpy: 0.0146942
-0.032665
0.0105028
xyz:  0.00210726
-0.00725318
   0.290779
omega: -0.210487
 -1.57157
 0.142792
vel: 0.0367426
  0.05075
 0.137191
schedualgroundLeg: 
1 1 1 1 
phase: 
1 1 1 1 
target_state:            0 -2.86372e-05            0            0
           0 -7.85904e-06            0            0
  0.00730401         0.32            0            0
gait_time: 0.0709737
loop_time: 0.00405766
target_force/Torque: 2.81861
1.22679
    200
0.635451
 18.9822
 -1.7478
force_list: -10.8829 -3.09951  7.69955  7.53759
 10.8839 -7.52342  7.69901 -9.67009
 27.2086  74.9999   19.248       75
swing_pos: 0 0 0 0
0 0 0 0
0 0 0 0
swing_vel: 0 0 0 0
0 0 0 0
0 0 0 0
foot_point:  0.125569 -0.150102  0.143547 -0.148656
-0.233219 -0.226354  0.235279  0.246307
-0.300929 -0.292542 -0.284511 -0.287932
foot_vel:   0.206156    0.23576 -0.0577903   0.704141
 -0.610255   0.544016   -0.44367  0.0491293
 0.0162565  -0.474043   0.224887  -0.587723
rpy:  0.0145289
-0.0352543
 0.0107628
xyz:  0.00117453
-0.00631109
   0.290811
omega: -0.135918
 -1.24453
 0.150249
vel: -0.00259075
   0.128948
  0.0844584
schedualgroundLeg: 
1 1 1 1 
phase: 
1 1 1 1 
target_state:            0 -2.86372e-05            0            0
           0 -7.85904e-06            0            0
  0.00730401         0.32            0            0
gait_time: 0.0739546
loop_time: 0.00298089
target_force/Torque:  5.42249
-2.88221
     200
-0.0937095
   15.9707
  -1.84837
force_list:  -10.535  1.76353  8.81663  4.66228
 6.62736 -6.28244  3.99315  -7.1443
 26.3371       75  22.0418  74.9998
swing_pos: 0 0 0 0
0 0 0 0
0 0 0 0
swing_vel: 0 0 0 0
0 0 0 0
0 0 0 0
foot_point:  0.125542  -0.14983  0.143538 -0.147934
-0.233932 -0.224849   0.23386  0.246739
-0.301204 -0.293226 -0.283848 -0.288565
foot_vel:   0.202747   0.135217 -0.0562754   0.780378
 -0.521564   0.614132  -0.407807  0.0905452
 0.0523957  -0.479692   0.189256  -0.655269
rpy:  0.0142713
-0.0374523
 0.0111784
xyz: -0.000357371
 -0.00559767
    0.291725
omega: -0.268011
-0.426407
 0.117226
vel: -0.0820304
  0.219113
  0.029543
schedualgroundLeg: 
1 1 1 1 
phase: 
1 1 1 1 
target_state:            0 -2.86372e-05            0            0
           0 -7.85904e-06            0            0
  0.00730401         0.32            0            0
gait_time: 0.0767252
loop_time: 0.00277056
target_force/Torque:  10.0878
-7.58685
     200
1.25298
 8.0093
-1.5597
force_list:  1.07472   1.5984  3.84085  3.57382
-2.52893 -1.07557 -2.82456 -1.15779
 30.4778  65.2483  35.8607  68.4135
swing_pos: 0 0 0 0
0 0 0 0
0 0 0 0
swing_vel: 0 0 0 0
0 0 0 0
0 0 0 0
foot_point:  0.125538 -0.149517  0.143547 -0.145002
-0.235437 -0.223831  0.233545  0.247937
-0.301247 -0.293342 -0.283633 -0.291279
foot_vel:  0.200753 0.0571582 0.0609542  0.783987
  -0.4816  0.755818  -0.30365  0.640497
0.0727303 -0.451609  0.229508 -0.936327
rpy: 0.0139513
-0.037825
0.0114025
xyz: -0.000460893
 -0.00514166
    0.291651
omega: -0.220074
-0.132394
 0.115095
vel: -0.0683186
  0.271836
-0.0231616
schedualgroundLeg: 
1 1 1 1 
phase: 
1 1 1 1 
target_state:            0 -2.86372e-05            0            0
           0 -7.85904e-06            0            0
  0.00730401         0.32            0            0
gait_time: 0.0796929
loop_time: 0.00296772
target_force/Torque:  9.55029
-10.3213
     200
0.805614
 5.10644
-1.56081
force_list:  1.03345  1.44227  3.67121  3.40336
 -3.2804 -1.68305 -3.61281 -1.74509
 35.6461  59.2461  40.7238  64.3841
swing_pos: 0 0 0 0
0 0 0 0
0 0 0 0
swing_vel: 0 0 0 0
0 0 0 0
0 0 0 0
foot_point:   0.12969 -0.149238  0.143577 -0.141816
-0.235437   -0.2201   0.23282  0.248929
-0.300244 -0.297463 -0.283187 -0.293127
foot_vel:   0.629174  0.0970313 -0.0280084    1.08456
   -0.4816   0.936615  -0.306433   0.574298
  0.248247  -0.626137   0.197604  -0.992935
rpy:  0.014036
-0.036173
0.0115277
xyz:  -0.0027494
-0.00642529
   0.293353
omega: -0.00915201
    0.64738
 -0.0180627
vel:  -0.172172
  0.273958
-0.0218419
schedualgroundLeg: 
1 1 1 1 
phase: 
1 1 1 1 
target_state:            0 -2.86372e-05            0            0
           0 -7.85904e-06            0            0
  0.00730401         0.32            0            0
gait_time: 0.0827262
loop_time: 0.00303334
target_force/Torque:  14.9119
-10.2308
     200
 -1.31208
  -2.8565
-0.241742
force_list:  3.59979  3.58876   3.8363  3.88702
-2.64474 -2.42515 -2.69532  -2.4656
 48.5025  50.7648  49.2433  51.4895
swing_pos: 0 0 0 0
0 0 0 0
0 0 0 0
swing_vel: 0 0 0 0
0 0 0 0
0 0 0 0
foot_point:  0.131224 -0.148951  0.143509 -0.138346
-0.235437 -0.218532  0.231997  0.254261
-0.299858 -0.299186 -0.282794 -0.297715
foot_vel:    0.75819  0.0139156 -0.0653315     0.7926
   -0.4816   0.835784  -0.113397     1.0626
  0.298546  -0.474533  0.0360568  -0.955414
rpy:  0.0139626
-0.0347685
  0.011531
xyz: -0.00334673
-0.00745772
   0.294179
omega:  -0.192377
  0.758167
0.00750362
vel:  -0.188412
  0.253345
-0.0121169
schedualgroundLeg: 
1 1 1 1 
phase: 
1 1 1 1 
target_state:            0 -2.86372e-05            0            0
           0 -7.85904e-06            0            0
  0.00730401         0.32            0            0
gait_time: 0.0859123
loop_time: 0.00318609
target_force/Torque:  15.6054
-9.02588
     200
 0.527518
 -4.10482
-0.497731
force_list:   3.5957  3.72689  4.12909  4.15374
-2.51953 -1.93239 -2.60651 -1.96745
  48.427  48.2191   51.918   51.436
swing_pos: 0 0 0 0
0 0 0 0
0 0 0 0
swing_vel: 0 0 0 0
0 0 0 0
0 0 0 0
foot_point:   0.13421  -0.14901   0.14314 -0.138346
-0.235437  -0.21627  0.232362  0.254261
-0.299084   -0.3007 -0.283101 -0.297715
foot_vel:   0.517258 -0.0119871  0.0306089     0.7926
   -0.4816   0.291068   0.238344     1.0626
  0.195304  -0.415608  -0.139184  -0.955414
rpy:  0.0136826
-0.0296762
 0.0115849
xyz: -0.00284564
-0.00823587
    0.29489
omega: -0.00276042
    1.87776
 -0.0457596
vel: -0.211989
 0.225378
0.0115541
schedualgroundLeg: 
1 1 1 1 
phase: 
1 1 1 1 
target_state:            0 -2.86372e-05            0            0
           0 -7.85904e-06            0            0
  0.00730401         0.32            0            0
gait_time: 0.0888862
loop_time: 0.00297392
target_force/Torque:  15.8349
-7.54816
     200
-1.34065
  -15.81
0.029512
force_list:  4.15008  4.30289  3.11038  4.27156
-2.05159 -1.72956 -2.03513 -1.73188
 70.6214  29.4123  70.5443  29.4221
swing_pos: 0 0 0 0
0 0 0 0
0 0 0 0
swing_vel: 0 0 0 0
0 0 0 0
0 0 0 0
foot_point:  0.136273 -0.148964  0.143094 -0.133777
-0.235437 -0.215298  0.233074  0.261979
 -0.29853 -0.301684 -0.283606 -0.303254
foot_vel:    0.48512 -0.0105651 -0.0146138   0.280858
   -0.4816   0.248467   0.416666    1.19662
   0.17957  -0.368677  -0.269918  -0.662534
rpy:  0.0138168
-0.0258617
 0.0114809
xyz: -0.00203918
 -0.0104849
    0.29598
omega:  -0.065611
   2.00772
-0.0819786
vel: -0.189151
 0.148929
0.0500795
schedualgroundLeg: 
1 1 1 1 
phase: 
1 1 1 1 
target_state:            0 -2.86372e-05            0            0
           0 -7.85904e-06            0            0
  0.00730401         0.32            0            0
gait_time: 0.09269
loop_time: 0.00380379
target_force/Torque:  13.9126
-3.26723
     200
-0.725572
 -17.4911
 0.402096
force_list:   3.80282   4.18947   1.88544   4.03484
-0.711005  -1.01771 -0.575176 -0.963338
  73.9143   27.7309   74.2209   24.1339
swing_pos: 0 0 0 0
0 0 0 0
0 0 0 0
swing_vel: 0 0 0 0
0 0 0 0
0 0 0 0
foot_point:  0.137041 -0.148945  0.142728 -0.133547
-0.242001 -0.214872  0.235034  0.265281
-0.298231 -0.303288 -0.284915 -0.304883
foot_vel:   0.142566 -0.0265338 -0.0613229  -0.119369
 -0.321176  -0.166076   0.655344   0.506034
 0.0226664  -0.279069  -0.406918  -0.231818
rpy:  0.0129217
-0.0194268
 0.0114235
xyz: -0.00166341
-0.00992463
   0.297236
omega:  -0.356428
   1.96085
-0.0169975
vel: -0.165141
 0.114932
 0.098697
schedualgroundLeg: 
1 1 1 1 
phase: 
1 1 1 1 
target_state:            0 -2.86372e-05            0            0
           0 -7.85904e-06            0            0
  0.00730401         0.32            0            0
gait_time: 0.0961832
loop_time: 0.0034932
target_force/Torque:  11.5805
-1.84005
     200
  2.27211
 -17.6658
-0.241969
force_list:  1.86379  5.61552 -5.32164  9.44253
-1.74988 0.771313 -1.46623 0.602903
 75.0243  20.6568  75.0399  29.2319
swing_pos: 0 0 0 0
0 0 0 0
0 0 0 0
swing_vel: 0 0 0 0
0 0 0 0
0 0 0 0
foot_point:   0.13659 -0.149044  0.142625  -0.13423
-0.241406 -0.217673  0.236581   0.26615
-0.299666 -0.304153 -0.285623 -0.305339
foot_vel: -0.232071 -0.068858 0.0376317 -0.404903
  0.11524 -0.547744  0.669986  0.308078
-0.532936 -0.149277 -0.394048 0.0343198
rpy:  0.0123617
-0.0106949
 0.0114552
xyz:  0.00101352
-0.00997857
   0.298033
omega:  -0.216879
   2.18349
0.00324256
vel: -0.0921779
 0.0750527
  0.135035
schedualgroundLeg: 
1 1 1 1 
phase: 
1 1 1 1 
target_state:            0 -2.86372e-05            0            0
           0 -7.85904e-06            0            0
  0.00730401         0.32            0            0
gait_time: 0.10032
loop_time: 0.00413647
target_force/Torque:  6.03319
0.101765
     200
 0.932611
 -20.7654
-0.447546
force_list:  6.87639  8.70425 -16.9331  9.42261
-11.7048  8.70457 -6.60582  9.42301
      75  21.7609  74.9996  23.5564
swing_pos: 0 0 0 0
0 0 0 0
0 0 0 0
swing_vel: 0 0 0 0
0 0 0 0
0 0 0 0
foot_point:  0.135716 -0.150155  0.142371 -0.134826
-0.239615   -0.2209  0.238958  0.263671
-0.302318 -0.303963 -0.287566  -0.30541
foot_vel:   -0.46424  -0.360484 0.00388458  -0.448826
  0.763747  -0.547747   0.871101  -0.681613
 -0.983798   0.021222  -0.495148   0.216837
rpy:  0.0108442
-0.0044809
 0.0116784
xyz:  0.00383502
-0.00945682
   0.299687
omega:  -0.453367
     1.849
0.00750362
vel: -0.0342567
 0.0109159
  0.221217
schedualgroundLeg: 
1 1 1 1 
phase: 
1 1 1 1 
target_state:            0 -2.86372e-05            0            0
           0 -7.85904e-06            0            0
  0.00730401         0.32            0            0
gait_time: 0.10389
loop_time: 0.00356987
target_force/Torque: 1.62769
2.95897
199.918
  3.44925
 -18.0419
-0.512479
force_list:  4.25202  7.81735 -19.7836  10.8155
 -9.8624  7.81712 -6.02803  10.8155
 74.9694  19.5431  74.9692  27.0386
swing_pos: 0 0 0 0
0 0 0 0
0 0 0 0
swing_vel: 0 0 0 0
0 0 0 0
0 0 0 0
foot_point:  0.130929 -0.152134  0.142275 -0.138898
-0.237283 -0.222073  0.242271  0.260773
-0.304795 -0.303396 -0.289454 -0.304445
foot_vel: -0.727703 -0.579833 0.0539509 -0.710969
  1.17106 -0.712272  0.630844 -0.797673
 -1.21832  0.234661 -0.433188  0.355071
rpy:   0.0101844
0.000409524
  0.0117817
xyz:  0.00684031
-0.00936559
   0.299948
omega: -0.271207
 0.874281
0.0639626
vel:  0.0876506
-0.0408104
  0.224991
schedualgroundLeg: 
1 1 1 1 
phase: 
1 1 1 1 
target_state:            0 -2.86372e-05            0            0
           0 -7.85904e-06            0            0
  0.00730401         0.32            0            0
gait_time: 0.106797
loop_time: 0.00290702
target_force/Torque: -5.77114
 5.50418
 199.569
 1.69363
-8.78376
-1.08739
force_list:    -2.0904   -2.13621   -1.46402 -0.0805195
  0.494569    2.24671   0.598007    2.16489
   70.1296    32.6924    70.2307    26.5167
swing_pos: 0 0 0 0
0 0 0 0
0 0 0 0
swing_vel: 0 0 0 0
0 0 0 0
0 0 0 0
foot_point:  0.130654 -0.153039  0.142399 -0.141499
-0.233458 -0.225271  0.243332  0.258458
-0.308241 -0.303011 -0.290231 -0.302948
foot_vel: -0.751753 -0.495064 0.0508253  -0.93016
  1.22426 -0.602695  0.409151 -0.980249
 -1.03142  0.200987  -0.31261  0.538084
rpy:  0.00953743
0.000862277
  0.0119943
xyz:  0.00814084
-0.00954259
   0.300481
omega: -0.395843
  0.28732
 0.112965
vel:   0.130825
-0.0559965
  0.245306
schedualgroundLeg: 
1 1 1 1 
phase: 
1 1 1 1 
target_state:            0 -2.86372e-05            0            0
           0 -7.85904e-06            0            0
  0.00730401         0.32            0            0
gait_time: 0.109678
loop_time: 0.0028819
target_force/Torque: -8.24621
 6.22143
 198.428
 3.00469
-2.95943
-1.59868
force_list:  -3.04148  -3.15928  -1.31958 -0.725868
  0.44411   2.74604   0.37167   2.65961
   62.031   38.7366   60.2314   37.4287
swing_pos: 0 0 0 0
0 0 0 0
0 0 0 0
swing_vel: 0 0 0 0
0 0 0 0
0 0 0 0
foot_point:  0.130445 -0.154807  0.142708 -0.144843
-0.228972 -0.227147  0.243954  0.255188
-0.310847  -0.30212  -0.29072 -0.301781
foot_vel: -0.749711 -0.806654  0.200393  -0.87966
  1.56856 -0.669162  0.430626  -1.29333
 -1.14288  0.342999 -0.272453  0.454245
rpy: 0.00897285
0.00062078
 0.0122434
xyz:  0.00930107
-0.00879725
   0.300879
omega:  -0.317013
-0.0301283
  0.126813
vel:   0.180281
-0.0386953
  0.253098
schedualgroundLeg: 
1 1 1 1 
phase: 
1 1 1 1 
target_state:            0 -2.86372e-05            0            0
           0 -7.85904e-06            0            0
  0.00730401         0.32            0            0
gait_time: 0.112691
loop_time: 0.00301239
target_force/Torque: -10.9259
 5.15448
 197.996
 2.27285
0.239205
-1.76207
force_list:    -3.77005    -4.05449    -1.70235    -1.39901
-0.00168607     2.57064   0.0782103     2.50732
    58.6645     43.0814     55.7563     40.4942
swing_pos: 0 0 0 0
0 0 0 0
0 0 0 0
swing_vel: 0 0 0 0
0 0 0 0
0 0 0 0
foot_point:  0.130274 -0.158005  0.143695 -0.144861
-0.225243 -0.228676  0.245408   0.25368
-0.312988 -0.300899 -0.291762 -0.301251
foot_vel: -0.767471 -0.777167  0.303451 -0.873805
  1.06763 -0.544458  0.446395  -1.00404
-0.991564  0.287234 -0.241204  0.581307
rpy:  0.00865994
-0.00219372
  0.0128607
xyz:  0.00983577
-0.00876983
   0.301422
omega: -0.111417
 -1.14013
 0.200316
vel:  0.240559
-0.082036
 0.247306
schedualgroundLeg: 
1 1 1 1 
phase: 
1 1 1 1 
target_state:            0 -2.86372e-05            0            0
           0 -7.85904e-06            0            0
  0.00730401         0.32            0            0
gait_time: 0.115897
loop_time: 0.0032062
target_force/Torque: -13.599
7.31814
198.227
 0.24818
 11.6207
-2.55884
force_list: -5.50783 -4.96348 -1.48417 -1.64351
0.141811  3.47767 0.355006  3.34366
 44.2445  63.7831  34.3275  55.8723
swing_pos: 0 0 0 0
0 0 0 0
0 0 0 0
swing_vel: 0 0 0 0
0 0 0 0
0 0 0 0
foot_point:  0.130152 -0.160092  0.143523 -0.148866
-0.222622 -0.230157  0.245264  0.251545
-0.314504 -0.300155 -0.292997 -0.300259
foot_vel: -0.792529 -0.653541 -0.245754  -1.19331
 0.698921 -0.214312 -0.029814  -1.15802
-0.728425  0.180585 -0.379755  0.673209
rpy:  0.00781063
-0.00953269
  0.0138059
xyz:  0.00934646
-0.00908086
   0.301706
omega: -0.242445
 -2.08715
 0.236535
vel:     0.2447
-0.0982857
  0.250889
schedualgroundLeg: 
1 1 1 1 
phase: 
1 1 1 1 
target_state:            0 -2.86372e-05            0            0
           0 -7.85904e-06            0            0
  0.00730401         0.32            0            0
gait_time: 0.119968
loop_time: 0.00407104
target_force/Torque: -12.6036
 8.08036
 198.079
 1.64339
 21.8248
-3.01554
force_list: -12.2401 -2.69565  6.96415 -5.31773
 4.81452  0.60822  1.97237 0.744784
 30.6003  74.2795  17.4104  74.2795
swing_pos: 0 0 0 0
0 0 0 0
0 0 0 0
swing_vel: 0 0 0 0
0 0 0 0
0 0 0 0
foot_point:  0.114985 -0.160095  0.143498 -0.155542
-0.222107  -0.23043  0.244292  0.246152
-0.318239 -0.300346 -0.293642 -0.295426
foot_vel: -0.539374 -0.652344 -0.250594 -0.956613
 0.549416 -0.167423 -0.345074 -0.488537
-0.499373    0.0852 -0.271412  0.639481
rpy: 0.00797134
-0.0199799
 0.0147191
xyz:    0.011723
-0.00744349
   0.302053
omega: -0.0464363
  -3.38571
   0.29406
vel:   0.365295
-0.0257003
  0.219593
schedualgroundLeg: 
1 1 1 1 
phase: 
1 1 1 1 
target_state:            0 -2.86372e-05            0            0
           0 -7.85904e-06            0            0
  0.00730401         0.32            0            0
gait_time: 0.122772
loop_time: 0.00280416
target_force/Torque: -17.5797
 4.27046
 199.909
-0.332771
       30
 -3.68211
force_list: -12.7451 -15.0297  4.64964  2.45133
 12.7496 -4.33197  4.68178 -8.26582
 31.8741  74.9652  11.6976  74.9657
swing_pos: 0 0 0 0
0 0 0 0
0 0 0 0
swing_vel: 0 0 0 0
0 0 0 0
0 0 0 0
foot_point:   0.11402 -0.164689  0.141355 -0.158294
-0.224148 -0.230077  0.242103  0.246001
 -0.31873 -0.299479 -0.294821 -0.294488
foot_vel:  -0.760253   -0.40996  -0.331678  -0.494485
 -0.808246   0.247382  -0.731213  -0.363915
 -0.205596 -0.0846125  -0.250359   0.489955
rpy: 0.00762139
-0.0266956
 0.0152656
xyz:   0.0109584
-0.00724229
   0.301991
omega: -0.224335
 -3.55828
 0.298321
vel:   0.355656
0.00535612
  0.194243
schedualgroundLeg: 
1 1 1 1 
phase: 
1 1 1 1 
target_state:            0 -2.86372e-05            0            0
           0 -7.85904e-06            0            0
  0.00730401         0.32            0            0
gait_time: 0.126431
loop_time: 0.00365863
target_force/Torque: -15.9262
 2.63722
     200
 1.48121
      30
-3.77937
force_list: -10.6854 -17.0581  2.36738  6.32628
 10.6856 -4.40875  6.75654 -9.84138
 26.7137       75   16.891       75
swing_pos: 0 0 0 0
0 0 0 0
0 0 0 0
swing_vel: 0 0 0 0
0 0 0 0
0 0 0 0
foot_point:  0.111568 -0.165895  0.141347 -0.159308
-0.224496 -0.229232  0.239362  0.245372
-0.318839  -0.29995 -0.295011 -0.293141
foot_vel: -0.0170437 -0.0993031  -0.337018  -0.186604
 -0.853052   0.321086  -0.698876   0.229722
   0.16883  -0.253142   -0.14058    0.11832
rpy: 0.00836786
-0.0384723
 0.0162296
xyz:  0.00982479
-0.00636349
    0.30198
omega: 0.244381
-3.14177
0.266363
vel:  0.315792
0.0466662
 0.176718
schedualgroundLeg: 
1 1 1 1 
phase: 
1 1 1 1 
target_state:            0 -2.86372e-05            0            0
           0 -7.85904e-06            0            0
  0.00730401         0.32            0            0
gait_time: 0.129906
loop_time: 0.00347484
target_force/Torque: -11.9261
0.500617
     200
-3.28059
      30
-3.55619
force_list: -14.4128 -11.0366 -1.07215  11.2168
 14.3916  -6.1721  2.59875 -9.61334
 35.9939  75.0094  7.10971  74.9892
swing_pos: 0 0 0 0
0 0 0 0
0 0 0 0
swing_vel: 0 0 0 0
0 0 0 0
0 0 0 0
foot_point:  0.113803 -0.165846  0.139613 -0.158895
-0.232417 -0.227045  0.239057  0.246389
-0.317273 -0.300027 -0.295226 -0.293198
foot_vel:   0.749503   0.164761  -0.224124   0.285058
  -1.39094   0.801011  -0.777701   0.430746
  0.640689  -0.340163 -0.0199954 -0.0172366
rpy: 0.00778229
-0.0508096
  0.017366
xyz: 0.00631644
-0.0050619
  0.302252
omega: -0.22327
-3.32286
0.324952
vel: 0.219483
0.144775
0.143531
schedualgroundLeg: 
1 1 1 1 
phase: 
1 1 1 1 
target_state:            0 -2.86372e-05            0            0
           0 -7.85904e-06            0            0
  0.00730401         0.32            0            0
gait_time: 0.133126
loop_time: 0.00321981
target_force/Torque: -4.54609
-4.81762
     200
 1.45447
      30
-4.25572
force_list:  -8.5092 -17.1915 -7.75728  24.3118
 8.49976 -4.35096  7.73402  -16.004
 21.2683  74.9895  19.3925  74.9973
swing_pos: 0 0 0 0
0 0 0 0
0 0 0 0
swing_vel: 0 0 0 0
0 0 0 0
0 0 0 0
foot_point:  0.116287 -0.164558  0.139191 -0.156627
-0.234605 -0.222371  0.231126  0.250488
-0.315974 -0.303515 -0.294786 -0.295728
foot_vel:  0.869867  0.583755 0.0384704  0.939846
 -1.39095   1.06564 -0.838345    1.2237
 0.707506 -0.645846   0.27898 -0.738561
rpy: 0.00802136
-0.0565106
 0.0182541
xyz:  0.00276869
-0.00428024
   0.302887
omega:  0.145311
-0.568087
 0.169424
vel: 0.0752534
 0.148248
 0.128366
schedualgroundLeg: 
1 1 1 1 
phase: 
1 1 1 1 
target_state:            0 -2.86372e-05            0            0
           0 -7.85904e-06            0            0
  0.00730401         0.32            0            0
gait_time: 0.137685
loop_time: 0.00455898
target_force/Torque:  4.26195
-5.24272
     200
-2.25525
 11.3319
-2.78924
force_list:  -1.40507 -0.559604   3.06114    3.1655
 -2.83219  0.291517  -2.97695  0.274915
  37.8425   67.2626   30.3379   64.5571
swing_pos: 0 0 0 0
0 0 0 0
0 0 0 0
swing_vel: 0 0 0 0
0 0 0 0
0 0 0 0
foot_point:  0.120105 -0.160203  0.139579 -0.156634
-0.243969 -0.218905   0.23025  0.253968
-0.314636 -0.306712 -0.294707 -0.297046
foot_vel:   1.18134  0.957402  0.291713  0.944744
 -1.55664  0.741692 -0.584957   1.40616
 0.888717 -0.624093  0.389435 -0.869935
rpy: 0.00766735
-0.0560023
 0.0186892
xyz: 0.000730596
-0.00339355
    0.30355
omega: -0.387321
 0.088116
0.0767458
vel: -0.0373017
  0.169517
  0.126486
schedualgroundLeg: 
1 1 1 1 
phase: 
1 1 1 1 
target_state:            0 -2.86372e-05            0            0
           0 -7.85904e-06            0            0
  0.00730401         0.32            0            0
gait_time: 0.140469
loop_time: 0.00278421
target_force/Torque:  10.1804
-6.65147
     200
 3.10647
 4.71907
-1.90598
force_list:  0.963281   1.37067   3.87319    3.9733
 -2.52648 -0.479972  -2.98615 -0.658872
   37.586   54.7384   45.0906    62.585
swing_pos: 0 0 0 0
0 0 0 0
0 0 0 0
swing_vel: 0 0 0 0
0 0 0 0
0 0 0 0
foot_point:  0.120105 -0.160214  0.140914 -0.149752
-0.243969  -0.21824  0.229134  0.256288
-0.314636 -0.307349 -0.293187  -0.29904
foot_vel:   1.18134  0.961371  0.326828   1.23878
 -1.55664   0.86987 -0.610964   1.44428
 0.888717 -0.741805  0.436377 -0.982152
rpy:  0.0073366
-0.0547206
 0.0188399
xyz: -0.000932925
 -0.00362686
    0.303559
omega: -0.0996995
  0.613291
 0.0788763
vel: -0.121278
 0.148291
0.0984953
schedualgroundLeg: 
1 1 1 1 
phase: 
1 1 1 1 
target_state:            0 -2.86372e-05            0            0
           0 -7.85904e-06            0            0
  0.00730401         0.32            0            0
gait_time: 0.143238
loop_time: 0.00276957
target_force/Torque:  14.6036
-5.67165
     200
 0.263334
-0.660851
 -1.94235
force_list:   2.20037    2.4498    4.9246   5.02881
  -2.4469 -0.188773  -2.70966 -0.326319
  46.9426   51.5768   48.4754   53.0052
swing_pos: 0 0 0 0
0 0 0 0
0 0 0 0
swing_vel: 0 0 0 0
0 0 0 0
0 0 0 0
foot_point:  0.127575 -0.155224  0.141657 -0.146432
-0.245713 -0.217137  0.226639  0.262017
-0.311014 -0.310057 -0.291779 -0.303699
foot_vel:   1.50433   0.77889  0.392654  0.602741
 -1.41578  0.768658 -0.301229   1.29833
 0.850063 -0.594034  0.391201 -0.738321
rpy: 0.00746769
-0.0522448
 0.0190439
xyz: -0.00269959
-0.00472188
   0.304289
omega: 0.0494375
  1.35152
0.0969858
vel: -0.187884
 0.116164
 0.115658
schedualgroundLeg: 
1 1 1 1 
phase: 
1 1 1 1 
target_state:            0 -2.86372e-05            0            0
           0 -7.85904e-06            0            0
  0.00730401         0.32            0            0
gait_time: 0.146605
loop_time: 0.00336659
target_force/Torque:  17.8792
-3.90646
     200
-1.24114
-8.29072
-2.14384
force_list:  3.12699  3.17423   5.5538   6.0242
-2.33449 0.439073 -2.40476 0.393711
 58.7735  43.0177  57.0806  41.1283
swing_pos: 0 0 0 0
0 0 0 0
0 0 0 0
swing_vel: 0 0 0 0
0 0 0 0
0 0 0 0
foot_point:  0.127642 -0.155225  0.144101 -0.146388
-0.254731 -0.215636  0.226121  0.264742
-0.310267 -0.310758 -0.290442  -0.30528
foot_vel:    1.52381   0.780533   0.275544   0.606615
  -1.19495 -0.0488163 -0.0782692   0.424827
  0.591042  -0.430722   0.302055  -0.715106
rpy: 0.00697537
-0.0426096
 0.0194176
xyz: -0.00194934
-0.00220257
   0.303701
omega: -0.258424
  2.60214
0.0831374
vel:  -0.25126
 0.182777
0.0801898
schedualgroundLeg: 
1 1 1 1 
phase: 
1 1 1 1 
target_state:            0 -2.86372e-05            0            0
           0 -7.85904e-06            0            0
  0.00730401         0.32            0            0
gait_time: 0.149888
loop_time: 0.00328353
target_force/Torque:  19.4182
-7.86463
     200
  1.8867
-21.7604
-2.04273
force_list:  16.2824  4.77285 -14.4118  13.8791
-13.0811  5.06631  -13.871  13.8792
 74.9995   12.665  75.0001  34.6976
swing_pos: 0 0 0 0
0 0 0 0
0 0 0 0
swing_vel: 0 0 0 0
0 0 0 0
0 0 0 0
foot_point:  0.133917 -0.151801  0.144822 -0.146341
-0.260166 -0.217514  0.227328   0.26506
-0.308394 -0.312003 -0.290135 -0.306915
foot_vel:     0.8354  0.0631722  0.0761004   0.611882
 -0.851209  -0.536906   0.644872 -0.0550346
  0.224829 -0.0672185 -0.0880012  -0.646637
rpy: 0.00516684
-0.0339366
 0.0198217
xyz:  -0.00205864
-0.000817831
    0.303898
omega: -0.569481
  2.33689
0.0660932
vel:   -0.3034
 0.204988
0.0661412
schedualgroundLeg: 
1 1 1 1 
phase: 
1 1 1 1 
target_state:            0 -2.86372e-05            0            0
           0 -7.85904e-06            0            0
  0.00730401         0.32            0            0
gait_time: 0.153685
loop_time: 0.00379667
target_force/Torque:  20.6869
-9.58666
     200
 5.17813
-19.9752
 -1.9127
force_list:   8.58308   1.44044 -0.936275   11.6145
 -4.28744   1.64658  -6.12825 -0.817876
  74.9987   5.72966   74.9979   44.2373
swing_pos: 0 0 0 0
0 0 0 0
0 0 0 0
swing_vel: 0 0 0 0
0 0 0 0
0 0 0 0
foot_point:  0.135907 -0.152108  0.144416 -0.146314
-0.259434 -0.218953  0.230015  0.263512
-0.310668 -0.311795 -0.291195 -0.307882
foot_vel:  0.383776 -0.220685 -0.168795  0.618049
-0.455584 -0.928389  0.696439 -0.887891
-0.494164 0.0910929 -0.415973 -0.498538
rpy: 0.00485192
-0.0229158
 0.0201712
xyz:  0.000879316
-0.000670888
    0.305141
omega: 0.063286
 2.97924
0.109769
vel: -0.227544
 0.206301
0.0914625
schedualgroundLeg: 
1 1 1 1 
phase: 
1 1 1 1 
target_state:            0 -2.86372e-05            0            0
           0 -7.85904e-06            0            0
  0.00730401         0.32            0            0
gait_time: 0.157131
loop_time: 0.00344625
target_force/Torque:  14.5449
-9.65368
     200
-1.11805
-27.5009
-2.38441
force_list:  14.3374  5.34705 -12.1489  10.9499
-8.26159  5.34627 -18.1071  10.9498
 75.0001  13.3667  74.9995  27.3738
swing_pos: 0 0 0 0
0 0 0 0
0 0 0 0
swing_vel: 0 0 0 0
0 0 0 0
0 0 0 0
foot_point:  0.136243 -0.152533  0.144266  -0.14182
-0.262706 -0.225166  0.232268  0.259559
-0.313511 -0.311621  -0.29226 -0.309725
foot_vel:   0.353284  -0.329161  -0.105376 -0.0652147
 -0.470197   -1.09243    1.14014   -1.29887
 -0.765774   0.147831  -0.608114 -0.0498834
rpy: 0.00473821
-0.0177978
 0.0204474
xyz: 0.00131807
0.00173355
  0.305616
omega: -0.156158
   2.6586
 0.127879
vel: -0.200881
 0.270591
0.0978437
schedualgroundLeg: 
1 1 1 1 
phase: 
1 1 1 1 
target_state:            0 -2.86372e-05            0            0
           0 -7.85904e-06            0            0
  0.00730401         0.32            0            0
gait_time: 0.160385
loop_time: 0.00325394
target_force/Torque:  12.2449
-13.3414
     200
 1.08776
-24.8062
-2.59313
force_list:  16.3708  2.18985 -17.6234  14.2637
-1.18873  3.01018 -29.8451  14.2639
 74.9999   7.5248  74.9998   35.659
swing_pos: 0 0 0 0
0 0 0 0
0 0 0 0
swing_vel: 0 0 0 0
0 0 0 0
0 0 0 0
foot_point:  0.135094 -0.154708  0.143999 -0.142655
-0.261354 -0.225246  0.233064  0.254995
-0.315458 -0.310853 -0.293136 -0.310039
foot_vel:  -0.581109  -0.584134 -0.0321113  -0.535906
 -0.333725   -1.12091    1.04635   -1.14268
  -1.28428   0.256633  -0.475468   0.158153
rpy:  0.00394087
-0.00904253
  0.0207669
xyz: 0.00499893
0.00248305
  0.307411
omega: -0.262685
  2.24208
0.0288089
vel: -0.167993
 0.248004
 0.133858
schedualgroundLeg: 
1 1 1 1 
phase: 
1 1 1 1 
target_state:            0 -2.86372e-05            0            0
           0 -7.85904e-06            0            0
  0.00730401         0.32            0            0
gait_time: 0.162995
loop_time: 0.0026097
target_force/Torque:  8.50593
-12.4472
     200
 2.23276
-21.5166
-1.63438
force_list:   20.125 -2.70919 -22.2541  15.3918
-8.37679  2.71189 -22.4697  15.3971
 74.9943  6.77785  74.9984  38.4852
swing_pos: 0 0 0 0
0 0 0 0
0 0 0 0
swing_vel: 0 0 0 0
0 0 0 0
0 0 0 0
foot_point:  0.133664 -0.155727  0.142989 -0.143265
  -0.2614 -0.231839   0.23865  0.251174
-0.320792 -0.310343 -0.295502 -0.308776
foot_vel: -0.573522 -0.596124 -0.304296 -0.701551
 0.799261  -1.20952   1.15288  -1.23921
 -1.65371  0.285979 -0.838911  0.392889
rpy:  0.00387913
-0.00524753
   0.020831
xyz:    0.00698
0.00420338
  0.307595
omega: 0.0366544
  2.00027
 0.037331
vel: -0.0994324
  0.286065
  0.140051
schedualgroundLeg: 
1 1 1 1 
phase: 
1 1 1 1 
target_state:            0 -2.86372e-05            0            0
           0 -7.85904e-06            0            0
  0.00730401         0.32            0            0
gait_time: 0.16608
loop_time: 0.003085
target_force/Torque:  4.05352
-14.6252
     200
-0.754457
 -19.4779
 -1.72601
force_list:  19.7629 -4.65484 -22.7992  13.6151
-20.9878  4.65735 -12.1558  13.6171
 75.0484  11.6321  75.0481   34.032
swing_pos: 0 0 0 0
0 0 0 0
0 0 0 0
swing_vel: 0 0 0 0
0 0 0 0
0 0 0 0
foot_point:  0.128243 -0.160782  0.141892 -0.146935
-0.259592 -0.235949  0.242257  0.247299
-0.324133 -0.308114 -0.298379 -0.307522
foot_vel:   -1.11245  -0.783928 -0.0921859   -0.73052
  0.601883  -0.918401    1.22276   -1.05707
  -1.61123   0.325016  -0.660149   0.567642
rpy:  0.00309845
-0.00166276
  0.0215184
xyz:  0.0113047
0.00353452
  0.309406
omega: -0.335123
 0.791191
 0.173685
vel: 0.0362118
 0.242189
  0.18169
schedualgroundLeg: 
1 1 1 1 
phase: 
1 1 1 1 
target_state:            0 -2.86372e-05            0            0
           0 -7.85904e-06            0            0
  0.00730401         0.32            0            0
gait_time: 0.170126
loop_time: 0.00404606
target_force/Torque: -4.10271
-12.2624
 199.996
 3.04138
-7.74563
-3.15829
force_list:  -2.38773  -3.59223  0.529722   1.34751
 -4.71789 -0.606165  -6.02857 -0.909767
  67.2345   16.9482   69.8467   45.9669
swing_pos: 0 0 0 0
0 0 0 0
0 0 0 0
swing_vel: 0 0 0 0
0 0 0 0
0 0 0 0
foot_point:  0.118905 -0.161721  0.142032 -0.146971
-0.255123 -0.238217  0.244199   0.24472
-0.331885 -0.307546 -0.300066 -0.306134
foot_vel:  -1.91194 -0.775917  0.207647 -0.729248
 0.782112  -1.00852   1.08905 -0.867814
 -1.68755  0.337653 -0.403528  0.489295
rpy:   0.0034903
-0.00104262
  0.0218415
xyz:  0.0126846
0.00509816
  0.310153
omega: -0.029392
-0.565956
0.0756805
vel: 0.159937
 0.25517
0.198436
schedualgroundLeg: 
1 1 1 1 
phase: 
1 1 1 1 
target_state:            0 -2.86372e-05            0            0
           0 -7.85904e-06            0            0
  0.00730401         0.32            0            0
gait_time: 0.173108
loop_time: 0.00298175
target_force/Torque: -10.6826
 -13.026
 198.796
-0.0551099
   5.76383
  -2.21055
force_list: -4.29454    -4.22 -1.13083  -1.0372
-4.25321 -1.79687 -5.01636 -1.95959
 45.1727  45.6126  53.6185  54.3923
swing_pos: 0 0 0 0
0 0 0 0
0 0 0 0
swing_vel: 0 0 0 0
0 0 0 0
0 0 0 0
foot_point:  0.118585 -0.166183  0.142481 -0.151759
-0.251541 -0.240865  0.245532  0.243297
-0.334773 -0.305728 -0.301097 -0.304767
foot_vel:  -1.93721 -0.782711  0.238957    -1.155
  1.05554  -0.90576    1.0562 -0.623646
 -1.61897  0.308612 -0.349918  0.644891
rpy:  0.00253689
-0.00636211
  0.0223047
xyz:  0.0155242
0.00469331
  0.311677
omega: -0.148702
 -1.55878
 0.147053
vel: 0.326399
0.229622
0.224922
schedualgroundLeg: 
1 1 1 1 
phase: 
1 1 1 1 
target_state:            0 -2.86372e-05            0            0
           0 -7.85904e-06            0            0
  0.00730401         0.32            0            0
gait_time: 0.176619
loop_time: 0.00351108
target_force/Torque: -18.7647
-11.6107
 197.513
 1.23333
  16.224
-2.97061
force_list: -7.70136 -6.16929 -2.40038 -2.49364
-3.93349 -1.24561 -4.96228 -1.46929
 30.2596  58.4552  42.0068  66.7917
swing_pos: 0 0 0 0
0 0 0 0
0 0 0 0
swing_vel: 0 0 0 0
0 0 0 0
0 0 0 0
foot_point:   0.11843 -0.169016  0.143342 -0.157263
 -0.24906  -0.24282  0.248845  0.242235
-0.336177 -0.304637 -0.302776 -0.303044
foot_vel:  -2.00156  -1.03152  0.336585  -1.49718
 0.633831 -0.767992  0.130373  -0.52413
 -1.11492  0.317595 -0.272511  0.744377
rpy: 0.00257301
-0.0100352
 0.0226942
xyz: 0.0149041
0.0040045
  0.31196
omega: -0.0261962
  -2.12124
  0.220557
vel: 0.314315
0.211989
0.225722
schedualgroundLeg: 
1 1 1 1 
phase: 
1 1 1 1 
target_state:            0 -2.86372e-05            0            0
           0 -7.85904e-06            0            0
  0.00730401         0.32            0            0
gait_time: 0.179862
loop_time: 0.00324264
target_force/Torque: -17.4773
-10.5951
 197.508
0.00466123
   22.2159
  -3.74458
force_list:   -5.63846   -8.04759   -1.80757   -1.98368
   -4.2056 -0.0167977    -6.0659  -0.306815
   19.9935    71.9097    32.1796    73.4251
swing_pos: 0 0 0 0
0 0 0 0
0 0 0 0
swing_vel: 0 0 0 0
0 0 0 0
0 0 0 0
foot_point:  0.103874 -0.172933  0.142845 -0.161154
-0.248539 -0.244966  0.247263  0.242067
-0.338722 -0.303033 -0.304336 -0.301715
foot_vel:  -1.55567  -1.18826 -0.516441 -0.961749
-0.168981 -0.558204  -0.55266 -0.213317
-0.549449  0.321586 -0.417582   0.58218
rpy: 0.00121021
-0.0207982
 0.0236855
xyz: 0.0185251
0.0052054
 0.312236
omega: -0.394778
 -3.39849
 0.243992
vel: 0.483664
0.219541
0.215679
schedualgroundLeg: 
1 1 1 1 
phase: 
1 1 1 1 
target_state:            0 -2.86372e-05            0            0
           0 -7.85904e-06            0            0
  0.00730401         0.32            0            0
gait_time: 0.182994
loop_time: 0.00313222
target_force/Torque: -25.0924
-11.1763
 198.261
 3.82676
      30
-4.07808
force_list:  -4.10593  -16.4375  -13.1127    6.7365
  4.10558 -0.380747  -11.3532  -3.04222
  10.2647   74.3461   35.8221   74.3455
swing_pos: 0 0 0 0
0 0 0 0
0 0 0 0
swing_vel: 0 0 0 0
0 0 0 0
0 0 0 0
foot_point:  0.102692 -0.178366  0.142362 -0.164577
-0.250617 -0.245298  0.246238  0.243387
-0.337458 -0.301425 -0.304565 -0.300389
foot_vel:  -0.83404  -1.26236 -0.498688 -0.820981
-0.823567 -0.380571 -0.597528  0.313778
  0.12006   0.18956 -0.413802  0.568381
rpy: 0.000734199
 -0.0281059
  0.0241641
xyz:   0.016796
0.00590983
  0.312535
omega: -0.260554
 -4.15377
 0.245058
vel: 0.484401
0.264163
0.204895
schedualgroundLeg: 
1 1 1 1 
phase: 
1 1 1 1 
target_state:            0 -2.86372e-05            0            0
           0 -7.85904e-06            0            0
  0.00730401         0.32            0            0
gait_time: 0.186405
loop_time: 0.00341094
target_force/Torque: -23.7486
-13.6117
 199.149
 2.53212
      30
-4.13658
force_list: -4.61799 -14.9492 -10.9911  5.16965
 4.62076 -1.34614 -13.5456 -2.88053
 11.5488  74.6804  35.1205  74.6809
swing_pos: 0 0 0 0
0 0 0 0
0 0 0 0
swing_vel: 0 0 0 0
0 0 0 0
0 0 0 0
foot_point:  0.101697 -0.179833   0.14037 -0.165729
-0.251569  -0.24747  0.246661  0.240503
-0.336654 -0.301036 -0.305484  -0.29605
foot_vel:  -0.120365  -0.836631  -0.731502  -0.196067
  -1.07312  -0.421174   -0.73953    0.37741
  0.718828 -0.0930139  -0.382774   0.227996
rpy: -8.87769e-05
  -0.0454918
   0.0252533
xyz: 0.0147934
0.0067439
 0.311679
omega: -0.127396
 -4.69492
 0.280211
vel: 0.417361
0.223017
0.198867
schedualgroundLeg: 
1 1 1 1 
phase: 
1 1 1 1 
target_state:            0 -2.86372e-05            0            0
           0 -7.85904e-06            0            0
  0.00730401         0.32            0            0
gait_time: 0.189837
loop_time: 0.00343205
target_force/Torque: -17.3541
-11.9087
 199.848
 1.28284
      30
-4.59704
force_list: -5.85286 -18.0617 -12.4672   16.803
 5.85769  -3.8974 -4.09697 -9.19297
 14.6402  74.9407  31.1759  74.9424
swing_pos: 0 0 0 0
0 0 0 0
0 0 0 0
swing_vel: 0 0 0 0
0 0 0 0
0 0 0 0
foot_point:  0.104557 -0.181418  0.140362 -0.165643
-0.260617 -0.249571  0.236002  0.242627
-0.332061 -0.300174 -0.305657 -0.295795
foot_vel:  0.714125 -0.329316 -0.739938  0.070774
 -1.73347 -0.417327  -1.21795  0.396314
  1.19943 -0.217528 -0.216645  0.116168
rpy: -0.000375006
  -0.0597345
   0.0263731
xyz: 0.0104105
0.0116029
 0.309671
omega: -0.0538931
  -3.72127
  0.286603
vel: 0.312268
0.311054
0.144579
schedualgroundLeg: 
1 1 1 1 
phase: 
1 1 1 1 
target_state:            0 -2.86372e-05            0            0
           0 -7.85904e-06            0            0
  0.00730401         0.32            0            0
gait_time: 0.19281
loop_time: 0.00297358
target_force/Torque:  -9.0719
-17.4591
     200
0.576432
      30
-4.77294
force_list: -4.64852 -25.1608 -12.6767  30.0685
 4.65776 -9.72697  9.21972 -20.8177
 11.6735  74.9976  31.8375  75.0579
swing_pos: 0 0 0 0
0 0 0 0
0 0 0 0
swing_vel: 0 0 0 0
0 0 0 0
0 0 0 0
foot_point:  0.105574 -0.181975   0.14037 -0.165657
-0.263654 -0.246969   0.23581  0.244232
-0.330837 -0.305345 -0.305481 -0.296189
foot_vel:  0.658961  0.350756 -0.739762  0.083038
  -1.9584   0.33306  -1.22182  0.900119
  1.32694  -1.14201 -0.211521 -0.223905
rpy: -0.000466484
  -0.0664503
   0.0269863
xyz: 0.00813043
 0.0116679
   0.31055
omega: -0.00702148
   -3.76601
   0.312169
vel: 0.214665
0.302574
0.141177
schedualgroundLeg: 
1 1 1 1 
phase: 
1 1 1 1 
target_state:            0 -2.86372e-05            0            0
           0 -7.85904e-06            0            0
  0.00730401         0.32            0            0
gait_time: 0.195834
loop_time: 0.00302347
target_force/Torque: -2.72434
-17.1949
     200
0.116863
      30
-5.08992
force_list: -5.26933  -23.057 -8.57189  30.0005
 5.27033  -1.8229  10.3172 -30.0004
 13.1744  74.9972  28.7195  74.9994
swing_pos: 0 0 0 0
0 0 0 0
0 0 0 0
swing_vel: 0 0 0 0
0 0 0 0
0 0 0 0
foot_point:  0.108849 -0.179249   0.13627 -0.164244
-0.268141 -0.242847  0.231056  0.247236
-0.329695 -0.312062 -0.306688 -0.296758
foot_vel:   0.618402    1.08786  -0.120824   0.429162
  -1.99812   0.962799  -0.485018   0.971764
   1.33782   -1.22467 0.00571822  -0.378011
rpy: -0.00067534
 -0.0773508
  0.0282177
xyz: 0.0036924
0.0122293
 0.311526
omega: -0.0943732
  -2.47385
  0.277016
vel: 0.0593448
 0.262336
 0.147713
schedualgroundLeg: 
1 1 1 1 
phase: 
1 1 1 1 
target_state:            0 -2.86372e-05            0            0
           0 -7.85904e-06            0            0
  0.00730401         0.32            0            0
gait_time: 0.199104
loop_time: 0.00327001
target_force/Torque:  7.55243
-15.5554
     200
 1.01127
      30
-4.86152
force_list:  -4.69923  -18.9327  -4.55716   30.0061
  4.70612 -0.221395   10.8898  -30.0001
  11.7561   74.9956   27.2177   75.0026
swing_pos: 0 0 0 0
0 0 0 0
0 0 0 0
swing_vel: 0 0 0 0
0 0 0 0
0 0 0 0
foot_point:  0.112026 -0.174912  0.135933 -0.162429
 -0.27175 -0.239111  0.230571  0.251123
-0.328613 -0.316552 -0.306735 -0.299814
foot_vel:    1.11594    1.15208 -0.0285045   0.415765
  -2.08896    1.51989   -0.18641    1.16398
   1.58433   -1.30023 -0.0455337    -0.4269
rpy: -0.00098926
 -0.0803666
  0.0287429
xyz: 0.00257352
 0.0127815
  0.312262
omega: -0.185986
 -1.70685
 0.258906
vel: -0.00443567
   0.270402
   0.136839
schedualgroundLeg: 
1 1 1 1 
phase: 
1 1 1 1 
target_state:            0 -2.86372e-05            0            0
           0 -7.85904e-06            0            0
  0.00730401         0.32            0            0
gait_time: 0.203293
loop_time: 0.00418871
target_force/Torque:  11.4176
-16.2124
     200
 1.95879
 25.1052
-4.73295
force_list:  -3.98439  -18.0331 -0.890935   30.0083
  3.99445  -2.35875   12.6744  -30.0003
  9.97157   74.9954   31.6761   75.0048
swing_pos: 0 0 0 0
0 0 0 0
0 0 0 0
swing_vel: 0 0 0 0
0 0 0 0
0 0 0 0
foot_point:  0.117927 -0.174111  0.136023  -0.16246
-0.276125 -0.235027   0.22867  0.257098
-0.326813 -0.319559 -0.306731 -0.301066
foot_vel:   1.29736  0.915589  0.155534  0.420108
 -1.61325   1.47363 -0.244857   1.51775
  1.58125 -0.939392  0.059511 -0.533731
rpy: -0.00227654
 -0.0827184
  0.0296996
xyz: -0.00190189
  0.0110055
   0.314291
omega: -0.220074
 0.289451
0.0969858
vel: -0.244943
 0.171178
 0.134389
schedualgroundLeg: 
1 1 1 1 
phase: 
1 1 1 1 
target_state:            0 -2.86372e-05            0            0
           0 -7.85904e-06            0            0
  0.00730401         0.32            0            0
gait_time: 0.207788
loop_time: 0.00449538
target_force/Torque:  24.7625
-11.4727
 199.985
  2.4284
 5.37733
-3.20942
force_list:   3.25438   4.01748   8.40314   9.08745
 -4.18728 -0.790509  -5.00317  -1.49179
  26.1835   61.3655    42.967   69.4695
swing_pos: 0 0 0 0
0 0 0 0
0 0 0 0
swing_vel: 0 0 0 0
0 0 0 0
0 0 0 0
foot_point:  0.124873 -0.170005    0.1383 -0.162514
-0.283702 -0.231336  0.228055  0.261418
-0.316426 -0.322614 -0.305787 -0.303278
foot_vel:   1.24935  0.437753  0.453764     0.426
-0.937517  0.489154 -0.258437   1.04916
  0.96944 -0.475322  0.258883 -0.650308
rpy: -0.0034904
-0.0778013
 0.0301825
xyz: -0.00122113
   0.010293
   0.314698
omega: -0.472542
  1.39733
 0.161967
vel: -0.346409
 0.133207
 0.129688
schedualgroundLeg: 
1 1 1 1 
phase: 
1 1 1 1 
target_state:            0 -2.86372e-05            0            0
           0 -7.85904e-06            0            0
  0.00730401         0.32            0            0
gait_time: 0.210887
loop_time: 0.00309915
target_force/Torque:  29.0133
-9.76902
     200
 5.07446
-6.19313
-3.90752
force_list:   4.27392   4.83412   9.79239   10.1129
 -4.72669  0.461142  -5.27642 -0.227055
  40.9194   40.2802   60.7174   58.0831
swing_pos: 0 0 0 0
0 0 0 0
0 0 0 0
swing_vel: 0 0 0 0
0 0 0 0
0 0 0 0
foot_point:  0.127171 -0.170035  0.138307 -0.162556
-0.287676 -0.230581  0.227706  0.265252
-0.315083 -0.323268 -0.305665 -0.304984
foot_vel:    1.15194   0.419503   0.452002   0.429285
 -0.966928 -0.0583673  -0.322513   0.848526
  0.943016 -0.0616233   0.287535  -0.689208
rpy: -0.00446977
 -0.0748287
  0.0305004
xyz: -0.00297277
  0.0115157
   0.312543
omega: -0.526871
  1.57096
 0.157706
vel: -0.390435
 0.160028
0.0595931
schedualgroundLeg: 
1 1 1 1 
phase: 
1 1 1 1 
target_state:            0 -2.86372e-05            0            0
           0 -7.85904e-06            0            0
  0.00730401         0.32            0            0
gait_time: 0.213896
loop_time: 0.00300869
target_force/Torque:  31.3544
-11.6009
     200
 5.71568
-8.22677
-3.89669
force_list:   4.91639   5.40425   10.4343   10.5995
  -5.2481 0.0743179  -5.76466 -0.662421
  41.6373   36.9448    63.925   57.4929
swing_pos: 0 0 0 0
0 0 0 0
0 0 0 0
swing_vel: 0 0 0 0
0 0 0 0
0 0 0 0
foot_point:  0.134119 -0.168911  0.139931 -0.168306
-0.289746 -0.232125  0.227227  0.267326
 -0.31208 -0.323483 -0.304506 -0.304376
foot_vel:    1.57687 -0.0851095   0.467475  -0.651527
 -0.945913  -0.600773   0.221938    0.77982
  0.896896   0.133692   0.313678   -0.40467
rpy: -0.00631433
 -0.0656875
  0.0305981
xyz: -0.00137789
  0.0128192
   0.312389
omega:  -0.468281
   2.75873
0.00430782
vel: -0.423376
 0.203544
0.0178469
schedualgroundLeg: 
1 1 1 1 
phase: 
1 1 1 1 
target_state:            0 -2.86372e-05            0            0
           0 -7.85904e-06            0            0
  0.00730401         0.32            0            0
gait_time: 0.217054
loop_time: 0.00315806
target_force/Torque:  31.3377
-14.3765
     200
 5.31424
-21.0186
-2.37249
force_list:  11.2062 0.801106  10.0744  9.35678
-3.31529 0.801207 -7.78749 -3.93876
 71.8229   2.0009  75.0028  51.1382
swing_pos: 0 0 0 0
0 0 0 0
0 0 0 0
swing_vel: 0 0 0 0
0 0 0 0
0 0 0 0
foot_point:  0.136332 -0.170155  0.140622 -0.171202
-0.292959 -0.234055   0.22688  0.267936
-0.310958 -0.322233 -0.303977 -0.305462
foot_vel:    1.40249   -0.55321  -0.205497  -0.390183
 -0.187115  -0.904922   0.320765  -0.309602
  0.466238    0.39237 -0.0389498  -0.397679
rpy: -0.00729426
 -0.0608009
  0.0307031
xyz: -0.000122767
   0.0133151
    0.311438
omega: -0.572677
  2.55953
 0.102312
vel:  -0.374676
  0.232148
-0.0130226
schedualgroundLeg: 
1 1 1 1 
phase: 
1 1 1 1 
target_state:            0 -2.86372e-05            0            0
           0 -7.85904e-06            0            0
  0.00730401         0.32            0            0
gait_time: 0.221124
loop_time: 0.00407064
target_force/Torque:  27.9529
-15.9924
     200
 6.45619
-19.5152
-3.36303
force_list:  9.30889 0.801902  8.16345   9.9277
-3.33837 0.800945  -10.923 -2.19186
 69.1849  2.00296  74.9986  53.7114
swing_pos: 0 0 0 0
0 0 0 0
0 0 0 0
swing_vel: 0 0 0 0
0 0 0 0
0 0 0 0
foot_point:  0.136325 -0.170761  0.140225 -0.171759
-0.293289 -0.234618  0.230262  0.266975
 -0.31107 -0.321487 -0.303993 -0.306191
foot_vel:    1.40696  -0.719306  -0.273748   -0.37211
 -0.274972  -0.894125   0.751571  -0.710146
  0.400911    0.42873 -0.0461861  -0.290125
rpy: -0.0093306
-0.0498716
 0.0310293
xyz: 0.00383418
 0.0155503
  0.310965
omega: -0.433127
  3.12412
0.0820721
vel:  -0.369127
  0.259928
-0.0319489
schedualgroundLeg: 
1 1 1 1 
phase: 
1 1 1 1 
target_state:            0 -2.86372e-05            0            0
           0 -7.85904e-06            0            0
  0.00730401         0.32            0            0
gait_time: 0.224037
loop_time: 0.00291224
target_force/Torque:  25.1485
-18.1346
     200
 5.26433
 -26.254
-3.19325
force_list:  17.7841 0.803549 -5.45658  14.8969
 2.95601 0.814584 -29.9753   10.275
 75.0061  2.00567  74.9888   43.764
swing_pos: 0 0 0 0
0 0 0 0
0 0 0 0
swing_vel: 0 0 0 0
0 0 0 0
0 0 0 0
foot_point:  0.141064 -0.174895  0.137907 -0.174005
-0.295129 -0.240917  0.231558  0.262372
 -0.31088 -0.318957 -0.304806 -0.306489
foot_vel:  0.369107 -0.975387 -0.635671  -0.64466
 0.113765  -1.27737  0.836819  -1.16241
 -0.36779  0.463862 -0.269835 -0.209511
rpy: -0.0114023
-0.0428441
 0.0313296
xyz: 0.00518881
 0.0173029
  0.310229
omega: -0.743119
  1.27589
0.0788763
vel:   -0.27748
   0.27833
-0.0354147
schedualgroundLeg: 
1 1 1 1 
phase: 
1 1 1 1 
target_state:            0 -2.86372e-05            0            0
           0 -7.85904e-06            0            0
  0.00730401         0.32            0            0
gait_time: 0.226788
loop_time: 0.00275148
target_force/Torque:  19.1509
-19.5953
     200
 8.57142
-8.47445
-3.19132
force_list:  2.15299  3.28021     6.55  7.16766
-7.16631 -1.93805 -7.60864 -2.88235
 49.7085  15.8879  69.6323  64.7713
swing_pos: 0 0 0 0
0 0 0 0
0 0 0 0
swing_vel: 0 0 0 0
0 0 0 0
0 0 0 0
foot_point:  0.140564 -0.176186  0.136386 -0.175295
-0.294417 -0.245567  0.231558  0.260611
-0.312066 -0.317854 -0.305215 -0.306988
foot_vel:  -0.267202  -0.779733   -1.12045  -0.678681
  0.186028   -1.22662   0.836819   -1.29981
 -0.704406   0.455567  -0.460397 -0.0938068
rpy: -0.0122984
-0.0410793
 0.0312861
xyz: 0.00771978
 0.0189941
  0.310663
omega:  -0.340449
   1.15551
-0.0340417
vel:  -0.177727
  0.307794
-0.0255331
schedualgroundLeg: 
1 1 1 1 
phase: 
1 1 1 1 
target_state:            0 -2.86372e-05            0            0
           0 -7.85904e-06            0            0
  0.00730401         0.32            0            0
gait_time: 0.229857
loop_time: 0.00306836
target_force/Torque:  13.3022
-21.3726
     200
 4.63433
-7.44718
-2.05779
force_list:  1.48744  2.33782  4.59046  4.88652
-6.89639 -3.15894 -7.39353 -3.92379
 52.4763  19.1807  70.0709  58.2722
swing_pos: 0 0 0 0
0 0 0 0
0 0 0 0
swing_vel: 0 0 0 0
0 0 0 0
0 0 0 0
foot_point:  0.139435 -0.180723  0.131125 -0.177364
-0.292635 -0.248332  0.232017  0.256797
-0.316033 -0.314689 -0.306996 -0.306793
foot_vel: -0.716156 -0.965501  -1.12562 -0.541013
 0.512828  -1.16384    0.9023  -1.07365
 -1.16989  0.559507 -0.539522 0.0833415
rpy: -0.0125645
-0.0370109
 0.0310961
xyz: 0.0113794
0.0217853
 0.310873
omega: -0.0783942
  0.642053
 0.0767458
vel: 0.0243712
 0.256139
0.0302346
schedualgroundLeg: 
1 1 1 1 
phase: 
1 1 1 1 
target_state:            0 -2.86372e-05            0            0
           0 -7.85904e-06            0            0
  0.00730401         0.32            0            0
gait_time: 0.232905
loop_time: 0.00304823
target_force/Torque:   1.7901
-19.0237
     200
 2.04039
-2.71944
-3.14666
force_list: -1.83721  -1.4951  2.44251   2.6799
-6.85205 -2.38399 -7.11292 -2.67471
 51.3894  26.6044  69.6317  52.3747
swing_pos: 0 0 0 0
0 0 0 0
0 0 0 0
swing_vel: 0 0 0 0
0 0 0 0
0 0 0 0
foot_point:  0.139248 -0.183684  0.126464 -0.179487
-0.290205 -0.253688  0.232564  0.254409
-0.319814  -0.31245 -0.308617 -0.306215
foot_vel: -0.691756  -1.13776   -1.5567 -0.585945
   1.1367 -0.802791  0.886104 -0.706999
  -1.8452  0.491289 -0.712645  0.137896
rpy:  -0.013404
-0.0405252
  0.031801
xyz: 0.0144245
0.0230877
 0.312287
omega: -0.22327
-0.88234
0.089529
vel:  0.205618
 0.261145
0.0342331
schedualgroundLeg: 
1 1 1 1 
phase: 
1 1 1 1 
target_state:            0 -2.86372e-05            0            0
           0 -7.85904e-06            0            0
  0.00730401         0.32            0            0
gait_time: 0.237974
loop_time: 0.00506909
target_force/Torque: -7.36336
-19.3543
     200
  3.5731
 12.8759
-3.34499
force_list: -4.41548 -3.93441 0.341091 0.645439
 -6.7931 -2.62748 -6.99997 -2.93381
 27.4911  49.3698  54.9266  68.2126
swing_pos: 0 0 0 0
0 0 0 0
0 0 0 0
swing_vel: 0 0 0 0
0 0 0 0
0 0 0 0
foot_point:   0.12518 -0.187604   0.12649 -0.181512
-0.286561 -0.255778  0.240873  0.253253
 -0.32694 -0.310573 -0.308342 -0.304507
foot_vel:   -1.68842   -1.52912   -1.55963  -0.415455
   1.48029  -0.832856 -0.0660966  -0.874166
  -2.28676   0.568966  -0.666464   0.219078
rpy: -0.0126653
-0.0463569
 0.0317261
xyz: 0.0176308
0.0207907
 0.313438
omega:  0.315754
 -2.04454
0.0117647
vel:  0.379774
  0.20201
0.0296527
schedualgroundLeg: 
1 1 1 1 
phase: 
1 1 1 1 
target_state:            0 -2.86372e-05            0            0
           0 -7.85904e-06            0            0
  0.00730401         0.32            0            0
gait_time: 0.240714
loop_time: 0.00274005
target_force/Torque: -15.6713
-15.5347
     200
  -1.891
 25.0811
-2.55985
force_list: -6.12078 -5.54495 -2.25911 -1.74642
-4.93855  -2.4331 -5.49993 -2.66313
 18.2137  73.4515  35.8258  72.5091
swing_pos: 0 0 0 0
0 0 0 0
0 0 0 0
swing_vel: 0 0 0 0
0 0 0 0
0 0 0 0
foot_point:   0.12092 -0.192573  0.116818 -0.182181
-0.279794 -0.257987  0.240057   0.25241
-0.334757  -0.30768 -0.310387 -0.304319
foot_vel:  -2.40297  -1.18916   -1.2982 -0.364417
  1.72896 -0.381758  -0.22064 -0.115637
 -2.60111  0.247531 -0.559487  0.284574
rpy: -0.0125387
-0.0517109
 0.0319864
xyz:  0.020058
0.0214905
 0.313547
omega: 0.0323933
 -2.80621
 0.116161
vel:    0.528782
   0.244306
-0.00378138
schedualgroundLeg: 
1 1 1 1 
phase: 
1 1 1 1 
target_state:            0 -2.86372e-05            0            0
           0 -7.85904e-06            0            0
  0.00730401         0.32            0            0
gait_time: 0.243771
loop_time: 0.00305706
target_force/Torque: -22.7382
-17.5353
     200
0.929939
      30
-3.62984
force_list: -3.96408 -13.7981 -5.79978 0.519381
 1.16039 -2.67659 -12.6916 -3.31739
 9.91013  74.9998  39.5277  74.9997
swing_pos: 0 0 0 0
0 0 0 0
0 0 0 0
swing_vel: 0 0 0 0
0 0 0 0
0 0 0 0
foot_point:   0.10855 -0.196309  0.115315 -0.184124
-0.277532 -0.257731  0.239036  0.252018
-0.339491 -0.306276 -0.310737 -0.302086
foot_vel:  -2.95096  -1.28126  -1.51719 -0.349534
  1.81091 -0.282311 -0.433744   0.24449
 -2.96284  0.144471 -0.718253  0.253725
rpy: -0.0118912
-0.0631946
 0.0323021
xyz: 0.0220083
0.0197224
 0.316338
omega:   0.295514
   -2.6347
-0.0574775
vel:  0.604159
 0.220258
0.0517333
schedualgroundLeg: 
1 1 1 1 
phase: 
1 1 1 1 
target_state:            0 -2.86372e-05            0            0
           0 -7.85904e-06            0            0
  0.00730401         0.32            0            0
gait_time: 0.246731
loop_time: 0.00295988
target_force/Torque: -25.2151
-15.6993
     200
-1.76601
      30
-1.92504
force_list: -4.55468   -10.35 -5.42911 -4.88122
  -5.131 -1.87496 -6.45567  -2.2376
 17.6579   73.308  34.8248  74.2095
swing_pos: 0 0 0 0
0 0 0 0
0 0 0 0
swing_vel: 0 0 0 0
0 0 0 0
0 0 0 0
foot_point:  0.107624 -0.200073  0.115315 -0.184124
-0.268961 -0.259996  0.239036  0.252018
-0.346127  -0.30482 -0.310737 -0.302086
foot_vel:   -3.01258   -1.50983   -1.51719  -0.349534
   2.43691 -0.0523088  -0.433744    0.24449
  -2.97477 -0.0290672  -0.718253   0.253725
rpy: -0.0110501
-0.0686063
 0.0322356
xyz: 0.0214354
0.0178748
 0.317839
omega:   0.511762
  -2.97558
-0.0564122
vel:  0.584105
 0.182912
0.0806252
schedualgroundLeg: 
1 1 1 1 
phase: 
1 1 1 1 
target_state:            0 -2.86372e-05            0            0
           0 -7.85904e-06            0            0
  0.00730401         0.32            0            0
gait_time: 0.250016
loop_time: 0.00328537
target_force/Torque: -23.2977
-13.3515
     200
-4.01261
      30
-1.92903
force_list: -8.54953 -6.44463  -4.2952 -4.00832
 -3.8737 -2.35941 -4.53065  -2.5877
 22.3968  74.4326  29.8789  73.2917
swing_pos: 0 0 0 0
0 0 0 0
0 0 0 0
swing_vel: 0 0 0 0
0 0 0 0
0 0 0 0
foot_point: 0.0843946 -0.205408  0.106821 -0.184625
-0.262336 -0.260765  0.233727  0.255119
-0.355161 -0.303124   -0.3125 -0.301582
foot_vel:    -2.0136  -0.771633  -0.369262  0.0829076
   2.37272  0.0465136  -0.711263   0.614225
  -2.45289  -0.253168  -0.201211 -0.0421118
rpy: -0.00999861
 -0.0815982
  0.0322887
xyz: 0.0241469
0.0180981
  0.32039
omega:   0.224141
  -3.09596
-0.0638691
vel: 0.669237
0.162436
0.193632
schedualgroundLeg: 
1 1 1 1 
phase: 
1 1 1 1 
target_state:            0 -2.86372e-05            0            0
           0 -7.85904e-06            0            0
  0.00730401         0.32            0            0
gait_time: 0.253747
loop_time: 0.00373105
target_force/Torque: -26.5295
-11.9984
 199.812
-1.24155
      30
-1.85978
force_list: -8.32989 -8.20847 -5.13515 -4.85597
-3.13141 -1.92449 -4.75533 -2.18715
 23.1455  69.0474  36.4204  71.1991
swing_pos: 0 0 0 0
0 0 0 0
0 0 0 0
swing_vel: 0 0 0 0
0 0 0 0
0 0 0 0
foot_point: 0.0838254  -0.20684  0.106461 -0.184419
-0.256026 -0.261977  0.231627  0.256511
-0.357943 -0.302243 -0.312645 -0.301804
foot_vel:   -2.22773  -0.284302   -0.29408  0.0950016
  0.223212    0.11995  -0.819747   0.457088
    -1.498  -0.339364  -0.165577 -0.0583071
rpy: -0.00897653
 -0.0929357
  0.0320547
xyz: 0.0234133
0.0152936
 0.321867
omega:     0.2806
  -3.15988
-0.0574775
vel:  0.620254
0.0619052
  0.23712
schedualgroundLeg: 
1 1 1 1 
phase: 
1 1 1 1 
target_state:            0 -2.86372e-05            0            0
           0 -7.85904e-06            0            0
  0.00730401         0.32            0            0
gait_time: 0.256564
loop_time: 0.00281665
target_force/Torque: -22.2939
-6.33144
 197.581
-1.90835
      30
-1.90029
force_list: -9.23199 -5.39733 -4.15533 -3.50924
-1.54946 -1.01409 -2.61303 -1.15486
 24.1185  72.2138  30.5319  70.7165
swing_pos: 0 0 0 0
0 0 0 0
0 0 0 0
swing_vel: 0 0 0 0
0 0 0 0
0 0 0 0
foot_point: 0.0770758 -0.207946  0.106119 -0.184277
-0.255616 -0.255925   0.22936  0.256979
-0.358773 -0.308869  -0.31284 -0.302007
foot_vel:  -0.517566  -0.194784  0.0184481   0.129211
 -0.147481   0.843571  -0.566888   0.262637
 -0.353056  -0.922802 -0.0476919 -0.0698187
rpy: -0.00900421
 -0.0978226
  0.0319312
xyz: 0.0236965
0.0139238
 0.324096
omega:  0.031328
 -2.40141
-0.119263
vel:  0.599106
0.0153117
 0.318373
schedualgroundLeg: 
1 1 1 1 
phase: 
1 1 1 1 
target_state:            0 -2.86372e-05            0            0
           0 -7.85904e-06            0            0
  0.00730401         0.32            0            0
gait_time: 0.260346
loop_time: 0.00378236
target_force/Torque: -20.9347
-3.72932
 193.139
0.587141
      30
-1.27009
force_list:  -7.05514  -5.86336  -4.36166  -3.65448
-0.223789 -0.634239  -1.89181 -0.979479
    19.85    71.863    30.698    70.728
swing_pos: 0 0 0 0
0 0 0 0
0 0 0 0
swing_vel: 0 0 0 0
0 0 0 0
0 0 0 0
foot_point: 0.0781458 -0.208762  0.106482 -0.184116
-0.255616 -0.250019  0.226663  0.257474
-0.358706 -0.314622 -0.313004 -0.302005
foot_vel:   0.795643   0.379808   0.179424  -0.103869
 -0.147481   0.970148  -0.414001 -0.0960727
  0.278588   -1.05039   0.050009  0.0543494
rpy: -0.0087688
 -0.106538
 0.0316523
xyz: 0.0208662
 0.012902
 0.325739
omega:  -0.115678
  -2.67305
-0.0127364
vel:   0.416378
-0.0647423
  0.361187
schedualgroundLeg: 
1 1 1 1 
phase: 
1 1 1 1 
target_state:            0 -2.86372e-05            0            0
           0 -7.85904e-06            0            0
  0.00730401         0.32            0            0
gait_time: 0.264271
loop_time: 0.00392527
target_force/Torque: -10.1749
0.221519
 189.901
 2.03366
      30
-2.30746
force_list: -8.28693 -11.9302 -10.0172  18.7557
  8.2983 -5.56818  10.0296 -12.2983
 20.7383  71.2129  25.0668  71.2158
swing_pos: 0 0 0 0
0 0 0 0
0 0 0 0
swing_vel: 0 0 0 0
0 0 0 0
0 0 0 0
foot_point: 0.0798124 -0.209089  0.107422 -0.184419
-0.258168 -0.247227  0.226708  0.257383
-0.356377 -0.317206 -0.312891 -0.301807
foot_vel:   0.697711   0.291848   0.233937 -0.0398219
  -0.89022    1.13774  -0.406368  -0.128735
  0.966215   -1.15044  0.0668831  0.0625909
rpy: -0.00946184
  -0.113339
  0.0315666
xyz: 0.0178418
0.0131535
 0.325771
omega:   0.194314
  -1.26903
-0.0979576
vel:  0.318145
-0.104333
 0.390785
schedualgroundLeg: 
1 1 1 1 
phase: 
1 1 1 1 
target_state:            0 -2.86372e-05            0            0
           0 -7.85904e-06            0            0
  0.00730401         0.32            0            0
gait_time: 0.267012
loop_time: 0.00274085
target_force/Torque: -3.85445
   1.896
 187.927
-0.996952
  24.0242
 -1.44669
force_list:  -4.97105 0.0192736 -0.185764   1.28311
 0.872868 0.0893928   0.82674  0.107005
   28.026   69.1193   21.8246   68.9573
swing_pos: 0 0 0 0
0 0 0 0
0 0 0 0
swing_vel: 0 0 0 0
0 0 0 0
0 0 0 0
foot_point: 0.0861015 -0.210447  0.108648 -0.184403
-0.274005 -0.240147  0.223933  0.256212
-0.350693 -0.322164 -0.312938 -0.301642
foot_vel:   0.987893 -0.0793191   0.181816 -0.0365248
  -1.53056    1.12057  -0.229906   -0.33224
   1.42703  -0.913235  0.0218466  0.0284278
rpy: -0.00965619
  -0.117102
   0.030982
xyz: 0.0151274
 0.016613
  0.32505
omega: -0.296773
 -1.00804
-0.122459
vel:  0.131689
-0.091096
 0.348823
schedualgroundLeg: 
1 1 1 1 
phase: 
1 1 1 1 
target_state:            0 -2.86372e-05            0            0
           0 -7.85904e-06            0            0
  0.00730401         0.32            0            0
gait_time: 0.270848
loop_time: 0.00383612
target_force/Torque:  6.67523
0.188741
 188.959
 3.93335
 21.7906
-1.14321
force_list:   -6.5281  0.629605 -0.144419   12.5809
   6.5282  -5.26614   6.15721  -7.20669
  16.3205   70.8578   30.7222   70.8577
swing_pos: 0 0 0 0
0 0 0 0
0 0 0 0
swing_vel: 0 0 0 0
0 0 0 0
0 0 0 0
foot_point: 0.0899455 -0.211029  0.108637 -0.184408
-0.275022 -0.240981  0.223656  0.254717
-0.349308 -0.321829 -0.313011 -0.301696
foot_vel:    1.00812  -0.203319   0.183638 -0.0335645
  -1.48221   0.665451  -0.275307  -0.379051
   1.38722  -0.873247  0.0101176 -0.0024883
rpy: -0.0106141
 -0.118586
 0.0308745
xyz: 0.0137458
0.0173726
 0.324907
omega:  -0.435258
 -0.548912
-0.0510859
vel: 0.0589621
-0.109948
 0.349661
schedualgroundLeg: 
1 1 1 1 
phase: 
1 1 1 1 
target_state:            0 -2.86372e-05            0            0
           0 -7.85904e-06            0            0
  0.00730401         0.32            0            0
gait_time: 0.273927
loop_time: 0.00307811
target_force/Torque: 10.7869
0.72956
 188.56
 5.41399
 17.3477
-1.84619
force_list: -0.391925   2.19184   3.95025   5.03673
 0.915569  0.699743 -0.676284 -0.209472
  15.5497    67.412    39.681    65.918
swing_pos: 0 0 0 0
0 0 0 0
0 0 0 0
swing_vel: 0 0 0 0
0 0 0 0
0 0 0 0
foot_point: 0.0928513 -0.213426  0.110145 -0.184578
 -0.28263   -0.2384  0.222102  0.254445
-0.345353 -0.323539 -0.312826  -0.30165
foot_vel:    1.44592  -0.622645   0.476062   0.186656
  -1.29936  -0.134592  -0.293708  -0.245136
    1.5514   -0.18822    0.17354 -0.0850254
rpy: -0.0105831
 -0.115173
 0.0300631
xyz: 0.0144158
0.0193006
 0.324079
omega: -0.0570889
   1.65405
 -0.273726
vel: -0.000223923
  -0.0972577
     0.30284
schedualgroundLeg: 
1 1 1 1 
phase: 
1 1 1 1 
target_state:            0 -2.86372e-05            0            0
           0 -7.85904e-06            0            0
  0.00730401         0.32            0            0
gait_time: 0.276774
loop_time: 0.00284727
target_force/Torque:   13.3763
-0.398613
  190.712
  1.6292
-5.02325
0.461351
force_list:   4.34386   3.13086    3.2181    2.6835
 0.050815  0.333407 -0.655713 -0.127125
  60.9699   24.0927   66.7589   38.8906
swing_pos: 0 0 0 0
0 0 0 0
0 0 0 0
swing_vel: 0 0 0 0
0 0 0 0
0 0 0 0
foot_point: 0.0988923 -0.214382  0.110144 -0.184444
-0.283333 -0.241939  0.221881  0.253752
 -0.34387 -0.322848 -0.312837 -0.301786
foot_vel:    1.25389  -0.693303   0.470112 0.00353931
  -1.09635   -1.02157 -0.0460639  -0.218624
   1.20639 -0.0285405    0.21419 -0.0395197
rpy: -0.0110324
 -0.112591
 0.0295082
xyz:  0.013992
0.0205823
 0.323482
omega: -0.361755
  1.36856
-0.240703
vel: -0.0651754
-0.0516554
  0.246644
schedualgroundLeg: 
1 1 1 1 
phase: 
1 1 1 1 
target_state:            0 -2.86372e-05            0            0
           0 -7.85904e-06            0            0
  0.00730401         0.32            0            0
gait_time: 0.279977
loop_time: 0.00320294
target_force/Torque:  16.5777
-3.12522
 193.266
 4.72079
-2.42656
0.186612
force_list:   4.36906   3.82207   4.31355   4.07301
-0.540212 -0.247102  -1.41258 -0.925334
  50.1898   28.8067   65.8556   48.4143
swing_pos: 0 0 0 0
0 0 0 0
0 0 0 0
swing_vel: 0 0 0 0
0 0 0 0
0 0 0 0
foot_point:  0.101108 -0.216794  0.111813 -0.184593
-0.288874 -0.243887  0.221946  0.253433
-0.341077 -0.321299 -0.312514 -0.301946
foot_vel:    0.937017   -0.499827   0.0580265   0.0116014
   -0.91597    -1.22084 -0.00448455   -0.305219
   0.955369    0.223853   0.0407158  -0.0963497
rpy: -0.0119518
 -0.105372
 0.0285153
xyz:  0.016077
0.0227987
 0.322243
omega: -0.145506
  2.69908
-0.221528
vel: -0.0988221
 0.0324725
  0.215865
schedualgroundLeg: 
1 1 1 1 
phase: 
1 1 1 1 
target_state:            0 -2.86372e-05            0            0
           0 -7.85904e-06            0            0
  0.00730401         0.32            0            0
gait_time: 0.28345
loop_time: 0.00347319
target_force/Torque:  16.8606
-7.96096
 194.946
  2.65024
 -16.4536
0.0941536
force_list:   21.1912 -0.836873   15.0687  -16.9031
  3.23292  0.806614  -28.9791   16.8624
  73.0872   2.01945   73.1198   42.2028
swing_pos: 0 0 0 0
0 0 0 0
0 0 0 0
swing_vel: 0 0 0 0
0 0 0 0
0 0 0 0
foot_point:  0.107309  -0.21753  0.111472 -0.184683
-0.291592 -0.251629  0.222001   0.25088
 -0.33927 -0.319882 -0.312541 -0.302602
foot_vel:   0.485237  -0.625984  -0.198204 -0.0303486
  -0.64934   -1.58365   0.138205  -0.474238
  0.544449   0.269014  -0.139277  -0.121964
rpy:  -0.013062
-0.0967583
 0.0277106
xyz: 0.0175886
0.0263559
 0.321357
omega: -0.570546
  2.06951
 -0.12672
vel: -0.110685
 0.166124
  0.12568
schedualgroundLeg: 
1 1 1 1 
phase: 
1 1 1 1 
target_state:            0 -2.86372e-05            0            0
           0 -7.85904e-06            0            0
  0.00730401         0.32            0            0
gait_time: 0.286935
loop_time: 0.00348501
target_force/Torque:  16.1563
-15.5816
 199.599
  7.01166
 -11.0192
-0.773466
force_list:   9.60559 -0.804635   17.3167  -9.55925
  14.8857  0.803333  -29.9441  -0.77932
  67.0442   2.00582   74.8547    55.385
swing_pos: 0 0 0 0
0 0 0 0
0 0 0 0
swing_vel: 0 0 0 0
0 0 0 0
0 0 0 0
foot_point:  0.107693 -0.220538  0.110025 -0.184991
-0.291801 -0.257189  0.222419  0.249282
-0.339451 -0.317608 -0.313202 -0.302872
foot_vel: -0.106088 -0.702867 -0.604825   -0.1132
0.0328499   -1.4347  0.303883  -0.52011
-0.339663  0.284367 -0.499543 -0.109855
rpy: -0.0138925
 -0.093294
 0.0273681
xyz: 0.0194509
0.0273368
 0.321001
omega:  -0.38519
  2.03329
-0.144829
vel: -0.0496825
  0.236879
 0.0791554
schedualgroundLeg: 
1 1 1 1 
phase: 
1 1 1 1 
target_state:            0 -2.86372e-05            0            0
           0 -7.85904e-06            0            0
  0.00730401         0.32            0            0
gait_time: 0.290278
loop_time: 0.00334323
target_force/Torque:  12.358
-19.382
    200
  5.24115
 -11.0035
-0.558121
force_list:    6.8504 -0.809594    24.636   -17.627
  15.2769  0.808218  -30.0059  -4.51548
  69.4462   2.01153   75.0078   52.9958
swing_pos: 0 0 0 0
0 0 0 0
0 0 0 0
swing_vel: 0 0 0 0
0 0 0 0
0 0 0 0
foot_point:  0.107525 -0.221987  0.106522 -0.185501
-0.291664 -0.260364  0.223302  0.247071
-0.340632  -0.31613  -0.31464 -0.303132
foot_vel: -0.0733003  -0.559483   -1.19998  -0.251007
  0.209629   -1.05335   0.399918  -0.496478
 -0.573649   0.201758  -0.878794  -0.104587
rpy: -0.0146534
-0.0876462
 0.0266428
xyz: 0.0226911
0.0296407
 0.321012
omega: -0.363885
  1.17682
-0.107545
vel: -0.0371176
   0.29429
 0.0158594
schedualgroundLeg: 
1 1 1 1 
phase: 
1 1 1 1 
target_state:            0 -2.86372e-05            0            0
           0 -7.85904e-06            0            0
  0.00730401         0.32            0            0
gait_time: 0.292996
loop_time: 0.00271772
target_force/Torque:  10.4276
-22.8437
     200
  5.10419
 -3.00355
-0.858432
force_list:  2.36625 0.571548  4.09934  3.39043
-6.16027 -2.30438 -8.42683 -5.95228
 59.1344  7.02342  67.5559  66.2865
swing_pos: 0 0 0 0
0 0 0 0
0 0 0 0
swing_vel: 0 0 0 0
0 0 0 0
0 0 0 0
foot_point:  0.107317 -0.221898  0.103731 -0.185793
-0.291159 -0.263568  0.223969  0.244604
-0.342097 -0.315697 -0.315714 -0.303216
foot_vel: -0.0536503  -0.561708   -1.36901  0.0754972
  0.289624   -1.10366   0.518005  -0.622066
 -0.716211   0.216267   -1.08663  -0.183946
rpy: -0.0151796
-0.0871716
 0.0265543
xyz:  0.023401
0.0303377
 0.321464
omega:  -0.289317
  0.319278
-0.0106059
vel: -0.0363015
  0.340806
0.00761606
schedualgroundLeg: 
1 1 1 1 
phase: 
1 1 1 1 
target_state:            0 -2.86372e-05            0            0
           0 -7.85904e-06            0            0
  0.00730401         0.32            0            0
gait_time: 0.296116
loop_time: 0.0031205
target_force/Torque:  10.1363
-25.3902
     200
 4.41112
 5.52438
-1.81897
force_list: 0.260569 0.423961  4.62494  4.82683
-7.34831 -4.12688 -8.64366 -5.27141
 34.1144  32.8359  67.9521  65.0977
swing_pos: 0 0 0 0
0 0 0 0
0 0 0 0
swing_vel: 0 0 0 0
0 0 0 0
0 0 0 0
foot_point:   0.10706 -0.225624 0.0982047   -0.1858
-0.290667  -0.26647  0.229906  0.242659
-0.343901 -0.313141 -0.318255 -0.303558
foot_vel:  -0.0688077   -0.503564    -1.37849 -0.00419472
  0.0737742   -0.949073    0.909783   -0.359767
  -0.615264    0.188769    -1.23327   0.0187965
rpy: -0.0159406
-0.0874837
 0.0263998
xyz:  0.025888
0.0307566
 0.322308
omega:  -0.188116
  0.101964
-0.0617386
vel: 0.0545572
 0.419054
-0.044498
schedualgroundLeg: 
1 1 1 1 
phase: 
1 1 1 1 
target_state:            0 -2.86372e-05            0            0
           0 -7.85904e-06            0            0
  0.00730401         0.32            0            0
gait_time: 0.299837
loop_time: 0.00372073
target_force/Torque:  5.27705
-29.4162
     200
 3.47522
 7.72873
-1.29219
force_list: -0.744272 -0.654749   3.30166   3.37442
 -8.10702  -5.48485  -9.27177  -6.55262
  34.1429   32.4941   67.2951   66.0681
swing_pos: 0 0 0 0
0 0 0 0
0 0 0 0
swing_vel: 0 0 0 0
0 0 0 0
0 0 0 0
foot_point: 0.0944337  -0.22732  0.098002  -0.18551
-0.288658 -0.270216   0.23362  0.241966
-0.347791  -0.31163 -0.319358  -0.30363
foot_vel:   -1.76561  -0.845956   -1.43006  0.0370019
  0.405353  -0.942867     1.2799 -0.0757468
  -1.77755   0.220185  -0.981332  0.0114851
rpy: -0.0155227
-0.0920794
 0.0263672
xyz: 0.0280237
0.0307736
  0.32395
omega:   0.169812
  -1.50019
-0.0138017
vel:   0.183992
  0.459411
-0.0459956
schedualgroundLeg: 
1 1 1 1 
phase: 
1 1 1 1 
target_state:            0 -2.86372e-05            0            0
           0 -7.85904e-06            0            0
  0.00730401         0.32            0            0
gait_time: 0.302882
loop_time: 0.00304475
target_force/Torque: -0.93563
-31.1944
     200
-0.145854
  24.2099
  -1.7683
force_list: -0.829384  -6.52822    1.7679   4.65409
 0.374555  -6.78451  -15.5235  -9.26092
  3.99683   70.7191   53.1728   72.1114
swing_pos: 0 0 0 0
0 0 0 0
0 0 0 0
swing_vel: 0 0 0 0
0 0 0 0
0 0 0 0
foot_point: 0.0938269 -0.230004 0.0866442 -0.186044
-0.287192 -0.272694  0.235118  0.242175
-0.351187 -0.309594 -0.321279 -0.303573
foot_vel:   -1.70062   -1.06754   -1.73905  -0.242804
    1.1418  -0.716171   0.280062  0.0507509
  -2.24989   0.175009   -1.04841 -0.0240166
rpy: -0.0147897
-0.0953743
 0.0262753
xyz: 0.0300462
0.0306458
 0.324288
omega:   0.356234
  -1.52789
-0.0841091
vel:   0.272008
  0.434107
-0.0377767
schedualgroundLeg: 
1 1 1 1 
phase: 
1 1 1 1 
target_state:            0 -2.86372e-05            0            0
           0 -7.85904e-06            0            0
  0.00730401         0.32            0            0
gait_time: 0.305921
loop_time: 0.00303877
target_force/Torque: -5.20201
-29.6628
     200
-2.08337
 24.8163
-1.05604
force_list:  -3.06199  -4.35319 0.0525589   2.16063
  -3.9176  -6.48316  -11.5924  -7.66959
  10.9811   67.7961   51.5231   69.6998
swing_pos: 0 0 0 0
0 0 0 0
0 0 0 0
swing_vel: 0 0 0 0
0 0 0 0
0 0 0 0
foot_point:  0.076802 -0.233537 0.0844309 -0.188077
-0.285417 -0.272545  0.235589  0.244163
-0.354481 -0.307735 -0.321467 -0.303235
foot_vel:   -2.78229   -1.46057   -1.50182  -0.609475
   1.07156  -0.606636  0.0431653   0.602579
  -2.75543  0.0762063  -0.949162 -0.0490691
rpy: -0.0136365
 -0.103148
 0.0260132
xyz:  0.032831
0.0293526
 0.326215
omega:   0.356234
  -2.30127
-0.0361722
vel:  0.399788
 0.326106
0.0331183
schedualgroundLeg: 
1 1 1 1 
phase: 
1 1 1 1 
target_state:            0 -2.86372e-05            0            0
           0 -7.85904e-06            0            0
  0.00730401         0.32            0            0
gait_time: 0.308883
loop_time: 0.00296267
target_force/Torque: -11.1221
-23.6047
     200
-2.19868
      30
-1.50919
force_list: -0.475205  -9.21929  -2.40748  0.979881
 -1.90401  -3.94243  -12.1215  -5.63678
   10.409    72.881   42.7649   73.9453
swing_pos: 0 0 0 0
0 0 0 0
0 0 0 0
swing_vel: 0 0 0 0
0 0 0 0
0 0 0 0
foot_point: 0.0689847 -0.238007 0.0780796 -0.188093
-0.279428 -0.275031  0.234645  0.244937
 -0.35985 -0.304659 -0.322109 -0.303388
foot_vel:    -2.04547     -1.3731    -1.18044   -0.614141
     1.5894  0.00827409   -0.470613    0.719826
   -2.43703  -0.0418888   -0.536548 -0.00853211
rpy: -0.0131481
 -0.108031
 0.0259823
xyz: 0.0347163
0.0282312
 0.327877
omega:   0.224141
  -2.52072
-0.0628038
vel: 0.491057
0.291247
0.070864
schedualgroundLeg: 
1 1 1 1 
phase: 
1 1 1 1 
target_state:            0 -2.86372e-05            0            0
           0 -7.85904e-06            0            0
  0.00730401         0.32            0            0
gait_time: 0.312183
loop_time: 0.00329931
target_force/Torque: -15.4578
-21.4134
     200
-0.926596
       30
 -1.23979
force_list: -2.94581 -7.95076 -3.36818 -1.19308
-4.68753 -3.46579 -8.67156  -4.5885
 12.5129  69.1014  48.0147  70.3711
swing_pos: 0 0 0 0
0 0 0 0
0 0 0 0
swing_vel: 0 0 0 0
0 0 0 0
0 0 0 0
foot_point: 0.0566644 -0.245333 0.0753035 -0.194668
-0.278808 -0.272293  0.233318  0.248605
-0.362405 -0.303722 -0.322044 -0.301478
foot_vel:  -1.81824 -0.744329 -0.542268  -1.13893
 0.493967  0.220159 -0.760148  0.813567
 -1.69156  -0.43252 -0.225484 0.0416193
rpy: -0.0114733
 -0.127111
 0.0258834
xyz:  0.037456
0.0264303
 0.329112
omega:   0.16129
 -3.93219
0.0671584
vel:  0.57257
0.177179
0.125089
schedualgroundLeg: 
1 1 1 1 
phase: 
1 1 1 1 
target_state:            0 -2.86372e-05            0            0
           0 -7.85904e-06            0            0
  0.00730401         0.32            0            0
gait_time: 0.317167
loop_time: 0.00498435
target_force/Torque: -17.3114
-14.9535
     200
-0.465571
       30
 -2.52953
force_list:  -8.79841  -5.16939  -2.40687 -0.936729
 -3.83102  -2.35777  -5.67051  -3.09418
  22.4895   62.9035   45.5027   69.1044
swing_pos: 0 0 0 0
0 0 0 0
0 0 0 0
swing_vel: 0 0 0 0
0 0 0 0
0 0 0 0
foot_point: 0.0518497 -0.245333 0.0752688 -0.199057
-0.281389 -0.272293  0.229591   0.25118
-0.361967 -0.303722 -0.322179  -0.30015
foot_vel:  -0.530117  -0.744329  -0.545675   -1.07734
 -0.205852   0.220159  -0.645858   0.306911
 -0.891599   -0.43252  -0.213171 -0.0208036
rpy: -0.0112756
   -0.1379
 0.0258809
xyz:  0.035857
0.0263801
 0.329577
omega:  0.265686
 -2.69862
-0.116067
vel: 0.543499
0.107009
0.162166
schedualgroundLeg: 
1 1 1 1 
phase: 
1 1 1 1 
target_state:            0 -2.86372e-05            0            0
           0 -7.85904e-06            0            0
  0.00730401         0.32            0            0
gait_time: 0.321583
loop_time: 0.00441597
target_force/Torque: -14.0886
-11.4296
     200
 -1.52931
       30
-0.697015
force_list: -6.95065 -2.71888  -3.0489 -1.37016
-2.08629  -2.8406 -3.38332 -3.11938
 24.6367   65.151  41.4837  68.7288
swing_pos: 0 0 0 0
0 0 0 0
0 0 0 0
swing_vel: 0 0 0 0
0 0 0 0
0 0 0 0
foot_point: 0.0510031 -0.250626 0.0753086  -0.19914
-0.284099 -0.267466  0.228312  0.251841
-0.361488 -0.305526 -0.322024 -0.300729
foot_vel:    0.205001    0.022894    -0.51466    -1.08142
 -0.0161902    0.754023   -0.774904    0.122289
  -0.534059   -0.883328   -0.332521 -0.00763151
rpy: -0.0114606
 -0.144404
 0.0259708
xyz: 0.0351375
0.0267557
 0.330605
omega: -0.208356
 -3.84697
0.0426573
vel:  0.479931
0.0996372
 0.210559
schedualgroundLeg: 
1 1 1 1 
phase: 
1 1 1 1 
target_state:            0 -2.86372e-05            0            0
           0 -7.85904e-06            0            0
  0.00730401         0.32            0            0
gait_time: 0.324452
loop_time: 0.00286899
target_force/Torque: -10.1952
-11.2129
 197.813
 3.22963
      30
-2.29325
force_list:  -2.85789   -6.3026  -1.88878  0.854052
 -2.50999 -0.642037   -6.0116  -2.04931
  11.6959   68.4059   48.4564   69.2546
swing_pos: 0 0 0 0
0 0 0 0
0 0 0 0
swing_vel: 0 0 0 0

